0.000E+00 7.987E-04 3.051E-03 6.292E-03 9.855E-03 1.308E-02 1.549E-02 1.687E-02 1.723E-02 1.676E-02 1.570E-02 1.428E-02 1.269E-02 1.108E-02 9.543E-03 8.131E-03 6.870E-03 5.767E-03 4.818E-03 4.009E-03 3.327E-03 2.751E-03 2.277E-03 1.880E-03 1.551E-03 1.278E-03 1.052E-03 8.651E-04 7.111E-04 5.841E-04 4.797E-04 3.937E-04 3.230E-04 2.649E-04 2.171E-04 1.780E-04 1.459E-04 1.196E-04 9.794E-05 8.024E-05 6.572E-05 5.383E-05 4.409E-05 3.611E-05 2.957E-05 2.421E-05 1.983E-05 1.623E-05 1.329E-05 1.088E-05 
7.987E-04 2.807E-03 5.832E-03 9.390E-03 1.288E-02 1.556E-02 1.769E-02 1.827E-02 1.845E-02 1.732E-02 1.623E-02 1.459E-02 1.269E-02 1.102E-02 9.553E-03 8.114E-03 6.851E-03 5.733E-03 4.844E-03 4.037E-03 3.416E-03 2.890E-03 2.438E-03 2.057E-03 1.734E-03 1.460E-03 1.226E-03 1.027E-03 8.582E-04 7.142E-04 5.933E-04 4.932E-04 4.077E-04 3.374E-04 2.784E-04 2.294E-04 1.888E-04 1.553E-04 1.276E-04 1.048E-04 8.604E-05 7.059E-05 5.788E-05 4.746E-05 3.890E-05 3.188E-05 2.612E-05 2.140E-05 1.753E-05 1.436E-05 
3.051E-03 5.811E-03 9.175E-03 1.262E-02 1.579E-02 1.811E-02 1.941E-02 1.969E-02 1.909E-02 1.786E-02 1.623E-02 1.408E-02 1.258E-02 1.084E-02 9.093E-03 7.829E-03 6.620E-03 5.607E-03 4.776E-03 4.101E-03 3.550E-03 3.095E-03 2.709E-03 2.352E-03 2.064E-03 1.805E-03 1.554E-03 1.344E-03 1.149E-03 9.764E-04 8.231E-04 6.923E-04 5.810E-04 4.847E-04 4.031E-04 3.344E-04 2.767E-04 2.284E-04 1.885E-04 1.552E-04 1.278E-04 1.050E-04 8.628E-05 7.084E-05 5.812E-05 4.768E-05 3.909E-05 3.205E-05 2.626E-05 2.152E-05 
6.292E-03 9.321E-03 1.260E-02 1.576E-02 1.824E-02 1.989E-02 2.055E-02 2.029E-02 1.927E-02 1.727E-02 1.549E-02 1.400E-02 1.212E-02 1.013E-02 8.650E-03 7.451E-03 6.321E-03 5.408E-03 4.667E-03 4.134E-03 3.685E-03 3.323E-03 3.062E-03 2.793E-03 2.536E-03 2.284E-03 2.036E-03 1.797E-03 1.569E-03 1.358E-03 1.164E-03 9.914E-04 8.386E-04 7.054E-04 5.897E-04 4.921E-04 4.096E-04 3.396E-04 2.808E-04 2.320E-04 1.912E-04 1.575E-04 1.296E-04 1.065E-04 8.748E-05 7.181E-05 5.891E-05 4.832E-05 3.962E-05 3.248E-05 
9.855E-03 1.274E-02 1.585E-02 1.812E-02 1.997E-02 2.099E-02 2.113E-02 2.046E-02 1.918E-02 1.705E-02 1.554E-02 1.357E-02 1.168E-02 9.944E-03 8.421E-03 7.046E-03 6.091E-03 5.277E-03 4.667E-03 4.225E-03 3.900E-03 3.668E-03 3.470E-03 3.280E-03 3.078E-03 2.855E-03 2.612E-03 2.357E-03 2.097E-03 1.843E-03 1.597E-03 1.378E-03 1.176E-03 9.946E-04 8.398E-04 7.040E-04 5.877E-04 4.889E-04 4.055E-04 3.354E-04 2.772E-04 2.285E-04 1.883E-04 1.549E-04 1.274E-04 1.046E-04 8.586E-05 7.046E-05 5.780E-05 4.739E-05 
1.308E-02 1.555E-02 1.782E-02 1.964E-02 2.087E-02 2.139E-02 2.119E-02 2.032E-02 1.893E-02 1.687E-02 1.494E-02 1.324E-02 1.135E-02 9.649E-03 8.180E-03 6.967E-03 6.029E-03 5.317E-03 4.765E-03 4.435E-03 4.182E-03 4.030E-03 3.914E-03 3.798E-03 3.656E-03 3.474E-03 3.249E-03 2.989E-03 2.705E-03 2.412E-03 2.122E-03 1.845E-03 1.583E-03 1.356E-03 1.149E-03 9.679E-04 8.112E-04 6.771E-04 5.632E-04 4.667E-04 3.866E-04 3.193E-04 2.633E-04 2.169E-04 1.784E-04 1.466E-04 1.205E-04 9.888E-05 8.113E-05 6.654E-05 
1.549E-02 1.742E-02 1.903E-02 2.075E-02 2.140E-02 2.147E-02 2.077E-02 1.989E-02 1.854E-02 1.683E-02 1.477E-02 1.293E-02 1.115E-02 9.512E-03 8.162E-03 6.982E-03 6.104E-03 5.579E-03 5.007E-03 4.789E-03 4.601E-03 4.444E-03 4.384E-03 4.325E-03 4.237E-03 4.100E-03 3.905E-03 3.655E-03 3.361E-03 3.040E-03 2.708E-03 2.380E-03 2.068E-03 1.778E-03 1.517E-03 1.281E-03 1.080E-03 9.056E-04 7.555E-04 6.282E-04 5.209E-04 4.307E-04 3.559E-04 2.934E-04 2.416E-04 1.988E-04 1.634E-04 1.342E-04 1.101E-04 9.036E-05 
1.687E-02 1.858E-02 1.926E-02 1.991E-02 2.023E-02 2.025E-02 1.991E-02 1.938E-02 1.795E-02 1.640E-02 1.463E-02 1.280E-02 1.113E-02 9.531E-03 8.231E-03 7.186E-03 6.383E-03 5.796E-03 5.392E-03 5.299E-03 4.986E-03 4.975E-03 4.879E-03 4.852E-03 4.802E-03 4.705E-03 4.545E-03 4.319E-03 4.033E-03 3.699E-03 3.338E-03 2.968E-03 2.597E-03 2.250E-03 1.940E-03 1.653E-03 1.395E-03 1.174E-03 9.847E-04 8.201E-04 6.825E-04 5.657E-04 4.679E-04 3.863E-04 3.184E-04 2.621E-04 2.156E-04 1.772E-04 1.455E-04 1.194E-04 
1.723E-02 1.815E-02 1.866E-02 1.889E-02 1.896E-02 1.943E-02 1.904E-02 1.806E-02 1.710E-02 1.578E-02 1.424E-02 1.263E-02 1.151E-02 9.909E-03 8.520E-03 7.569E-03 6.835E-03 6.292E-03 5.912E-03 5.925E-03 5.514E-03 5.435E-03 5.399E-03 5.412E-03 5.343E-03 5.273E-03 5.147E-03 4.942E-03 4.688E-03 4.361E-03 3.989E-03 3.590E-03 3.185E-03 2.778E-03 2.416E-03 2.072E-03 1.764E-03 1.491E-03 1.251E-03 1.048E-03 8.740E-04 7.258E-04 6.018E-04 4.976E-04 4.107E-04 3.385E-04 2.786E-04 2.292E-04 1.883E-04 1.546E-04 
1.676E-02 1.761E-02 1.745E-02 1.798E-02 1.728E-02 1.719E-02 1.703E-02 1.665E-02 1.597E-02 1.497E-02 1.376E-02 1.245E-02 1.116E-02 9.982E-03 8.958E-03 8.111E-03 7.438E-03 7.268E-03 6.549E-03 6.287E-03 6.115E-03 6.009E-03 5.947E-03 5.906E-03 5.866E-03 5.846E-03 5.700E-03 5.536E-03 5.303E-03 4.999E-03 4.635E-03 4.227E-03 3.796E-03 3.360E-03 2.938E-03 2.541E-03 2.178E-03 1.847E-03 1.564E-03 1.314E-03 1.099E-03 9.151E-04 7.605E-04 6.301E-04 5.209E-04 4.298E-04 3.542E-04 2.916E-04 2.397E-04 1.970E-04 
1.570E-02 1.599E-02 1.587E-02 1.614E-02 1.540E-02 1.575E-02 1.573E-02 1.502E-02 1.476E-02 1.461E-02 1.317E-02 1.224E-02 1.128E-02 1.035E-02 1.038E-02 8.777E-03 8.165E-03 8.367E-03 7.287E-03 6.996E-03 7.074E-03 6.966E-03 6.526E-03 6.447E-03 6.380E-03 6.344E-03 6.207E-03 6.064E-03 5.862E-03 5.591E-03 5.220E-03 4.855E-03 4.404E-03 3.958E-03 3.498E-03 3.055E-03 2.635E-03 2.260E-03 1.920E-03 1.621E-03 1.361E-03 1.138E-03 9.478E-04 7.866E-04 6.518E-04 5.388E-04 4.446E-04 3.663E-04 3.014E-04 2.478E-04 
1.428E-02 1.439E-02 1.412E-02 1.418E-02 1.348E-02 1.336E-02 1.358E-02 1.330E-02 1.317E-02 1.291E-02 1.250E-02 1.198E-02 1.139E-02 1.075E-02 1.012E-02 9.521E-03 8.979E-03 8.506E-03 8.106E-03 7.776E-03 7.511E-03 7.751E-03 7.138E-03 7.006E-03 6.896E-03 6.792E-03 6.718E-03 6.543E-03 6.363E-03 6.125E-03 5.822E-03 5.452E-03 5.014E-03 4.565E-03 4.073E-03 3.605E-03 3.144E-03 2.714E-03 2.323E-03 1.972E-03 1.664E-03 1.396E-03 1.167E-03 9.721E-04 8.071E-04 6.683E-04 5.522E-04 4.557E-04 3.754E-04 3.089E-04 
1.269E-02 1.285E-02 1.235E-02 1.193E-02 1.163E-02 1.150E-02 1.153E-02 1.208E-02 1.166E-02 1.179E-02 1.178E-02 1.167E-02 1.144E-02 1.112E-02 1.104E-02 1.029E-02 9.836E-03 1.043E-02 9.493E-03 9.433E-03 8.291E-03 8.016E-03 8.254E-03 7.839E-03 7.424E-03 7.276E-03 7.135E-03 7.074E-03 6.820E-03 6.622E-03 6.332E-03 5.994E-03 5.607E-03 5.130E-03 4.678E-03 4.180E-03 3.669E-03 3.212E-03 2.771E-03 2.366E-03 2.007E-03 1.697E-03 1.424E-03 1.190E-03 9.904E-04 8.221E-04 6.807E-04 5.625E-04 4.640E-04 3.823E-04 
1.108E-02 1.102E-02 1.066E-02 1.023E-02 9.931E-03 9.922E-03 1.022E-02 1.009E-02 1.039E-02 1.072E-02 1.104E-02 1.110E-02 1.141E-02 1.141E-02 1.127E-02 1.102E-02 1.068E-02 1.030E-02 9.889E-03 9.489E-03 9.114E-03 8.772E-03 8.469E-03 8.204E-03 7.973E-03 8.055E-03 7.586E-03 7.551E-03 7.228E-03 7.025E-03 6.785E-03 6.464E-03 6.139E-03 5.725E-03 5.261E-03 4.763E-03 4.241E-03 3.730E-03 3.263E-03 2.809E-03 2.405E-03 2.041E-03 1.721E-03 1.444E-03 1.206E-03 1.003E-03 8.332E-04 6.893E-04 5.700E-04 4.702E-04 
9.539E-03 9.454E-03 9.232E-03 8.710E-03 8.432E-03 8.346E-03 8.363E-03 8.555E-03 9.200E-03 9.736E-03 1.030E-02 1.084E-02 1.127E-02 1.267E-02 1.169E-02 1.186E-02 1.181E-02 1.162E-02 1.079E-02 1.094E-02 9.966E-03 9.564E-03 9.933E-03 8.852E-03 8.878E-03 8.285E-03 8.047E-03 7.831E-03 7.768E-03 7.416E-03 7.188E-03 6.911E-03 6.613E-03 6.235E-03 5.814E-03 5.336E-03 4.827E-03 4.305E-03 3.791E-03 3.300E-03 2.845E-03 2.431E-03 2.062E-03 1.739E-03 1.458E-03 1.216E-03 1.013E-03 8.413E-04 6.965E-04 5.755E-04 
8.126E-03 8.035E-03 7.824E-03 7.382E-03 7.154E-03 7.115E-03 7.286E-03 7.870E-03 8.201E-03 8.870E-03 9.608E-03 1.035E-02 1.102E-02 1.157E-02 1.195E-02 1.213E-02 1.213E-02 1.195E-02 1.165E-02 1.180E-02 1.083E-02 1.038E-02 9.946E-03 9.537E-03 9.164E-03 9.159E-03 8.531E-03 8.556E-03 8.020E-03 7.790E-03 7.597E-03 7.311E-03 7.031E-03 6.708E-03 6.320E-03 5.867E-03 5.392E-03 4.874E-03 4.345E-03 3.824E-03 3.328E-03 2.867E-03 2.450E-03 2.078E-03 1.752E-03 1.469E-03 1.227E-03 1.021E-03 8.473E-04 7.014E-04 
6.864E-03 6.779E-03 6.556E-03 6.254E-03 6.177E-03 6.121E-03 6.351E-03 6.781E-03 7.389E-03 8.135E-03 8.973E-03 9.843E-03 1.068E-02 1.143E-02 1.202E-02 1.242E-02 1.262E-02 1.260E-02 1.242E-02 1.209E-02 1.167E-02 1.121E-02 1.073E-02 1.026E-02 1.029E-02 9.411E-03 9.047E-03 8.722E-03 8.430E-03 8.165E-03 7.914E-03 7.666E-03 7.404E-03 7.110E-03 6.771E-03 6.377E-03 5.928E-03 5.433E-03 4.908E-03 4.373E-03 3.848E-03 3.348E-03 2.884E-03 2.463E-03 2.084E-03 1.761E-03 1.477E-03 1.233E-03 1.026E-03 8.516E-04 
5.761E-03 5.689E-03 5.502E-03 5.286E-03 5.244E-03 5.341E-03 5.630E-03 6.173E-03 6.854E-03 7.530E-03 8.411E-03 8.715E-03 1.028E-02 1.115E-02 1.280E-02 1.251E-02 1.290E-02 1.308E-02 1.304E-02 1.282E-02 1.247E-02 1.202E-02 1.271E-02 1.100E-02 1.142E-02 1.051E-02 9.602E-03 9.214E-03 8.867E-03 8.556E-03 8.273E-03 8.154E-03 7.746E-03 7.524E-03 7.168E-03 6.820E-03 6.419E-03 5.963E-03 5.462E-03 4.921E-03 4.394E-03 3.865E-03 3.362E-03 2.896E-03 2.473E-03 2.092E-03 1.768E-03 1.482E-03 1.238E-03 1.030E-03 
4.811E-03 4.755E-03 4.640E-03 4.553E-03 4.573E-03 4.746E-03 5.090E-03 5.599E-03 6.258E-03 6.523E-03 7.925E-03 8.870E-03 1.021E-02 1.079E-02 1.237E-02 1.240E-02 1.298E-02 1.334E-02 1.485E-02 1.341E-02 1.316E-02 1.277E-02 1.284E-02 1.297E-02 1.122E-02 1.069E-02 1.097E-02 9.747E-03 9.673E-03 8.976E-03 8.650E-03 8.353E-03 8.076E-03 7.805E-03 7.529E-03 7.211E-03 6.856E-03 6.449E-03 5.989E-03 5.453E-03 4.951E-03 4.388E-03 3.878E-03 3.373E-03 2.905E-03 2.480E-03 2.103E-03 1.769E-03 1.486E-03 1.241E-03 
4.009E-03 3.963E-03 3.921E-03 3.933E-03 3.940E-03 4.298E-03 4.693E-03 5.204E-03 5.887E-03 6.675E-03 7.513E-03 8.435E-03 9.395E-03 1.036E-02 1.129E-02 1.213E-02 1.233E-02 1.338E-02 1.371E-02 1.382E-02 1.372E-02 1.344E-02 1.444E-02 1.251E-02 1.195E-02 1.139E-02 1.084E-02 1.110E-02 9.856E-03 9.941E-03 9.056E-03 8.719E-03 8.413E-03 8.207E-03 7.847E-03 7.558E-03 7.242E-03 6.882E-03 6.437E-03 6.007E-03 5.499E-03 4.937E-03 4.420E-03 3.887E-03 3.374E-03 2.906E-03 2.486E-03 2.107E-03 1.776E-03 1.489E-03 
3.322E-03 3.292E-03 3.320E-03 3.426E-03 3.635E-03 3.959E-03 4.179E-03 4.954E-03 5.607E-03 6.349E-03 7.165E-03 8.042E-03 8.963E-03 9.906E-03 1.010E-02 1.174E-02 1.255E-02 1.322E-02 1.483E-02 1.402E-02 1.409E-02 1.396E-02 1.365E-02 1.320E-02 1.267E-02 1.209E-02 1.151E-02 1.095E-02 1.042E-02 9.937E-03 9.503E-03 9.511E-03 8.769E-03 8.456E-03 8.164E-03 7.879E-03 7.584E-03 7.264E-03 6.905E-03 6.487E-03 5.986E-03 5.510E-03 4.973E-03 4.428E-03 3.877E-03 3.379E-03 2.915E-03 2.489E-03 2.110E-03 1.778E-03 
2.751E-03 2.730E-03 2.817E-03 3.006E-03 3.299E-03 3.692E-03 4.178E-03 4.747E-03 5.391E-03 6.101E-03 6.870E-03 7.691E-03 8.555E-03 9.452E-03 1.036E-02 1.126E-02 1.212E-02 1.289E-02 1.353E-02 1.363E-02 1.553E-02 1.431E-02 1.415E-02 1.381E-02 1.335E-02 1.280E-02 1.220E-02 1.268E-02 1.156E-02 1.049E-02 9.996E-03 9.554E-03 9.159E-03 8.806E-03 8.702E-03 8.190E-03 7.901E-03 7.603E-03 7.265E-03 6.915E-03 6.491E-03 6.030E-03 5.518E-03 4.980E-03 4.433E-03 3.898E-03 3.389E-03 2.918E-03 2.488E-03 2.110E-03 
2.274E-03 2.264E-03 2.392E-03 2.647E-03 3.011E-03 3.418E-03 3.824E-03 4.575E-03 5.211E-03 5.892E-03 6.615E-03 7.377E-03 8.167E-03 9.014E-03 9.876E-03 1.075E-02 1.161E-02 1.243E-02 1.389E-02 1.377E-02 1.532E-02 1.445E-02 1.447E-02 1.429E-02 1.542E-02 1.346E-02 1.345E-02 1.350E-02 1.275E-02 1.109E-02 1.054E-02 1.004E-02 9.591E-03 9.191E-03 9.131E-03 8.510E-03 8.209E-03 7.917E-03 7.617E-03 7.291E-03 6.924E-03 6.506E-03 6.025E-03 5.524E-03 4.984E-03 4.427E-03 3.884E-03 3.392E-03 2.921E-03 2.487E-03 
1.880E-03 1.873E-03 2.023E-03 2.332E-03 2.748E-03 3.249E-03 3.811E-03 4.343E-03 5.045E-03 5.702E-03 6.008E-03 7.093E-03 7.831E-03 8.601E-03 9.401E-03 9.486E-03 1.106E-02 1.189E-02 1.193E-02 1.338E-02 1.396E-02 1.438E-02 1.459E-02 1.460E-02 1.440E-02 1.403E-02 1.354E-02 1.430E-02 1.293E-02 1.280E-02 1.113E-02 1.058E-02 1.071E-02 9.618E-03 9.213E-03 8.852E-03 8.526E-03 8.223E-03 7.929E-03 7.627E-03 7.299E-03 6.931E-03 6.512E-03 6.041E-03 5.528E-03 4.988E-03 4.440E-03 3.903E-03 3.394E-03 2.922E-03 
1.551E-03 1.548E-03 1.722E-03 2.049E-03 2.497E-03 2.955E-03 3.620E-03 4.239E-03 4.872E-03 5.425E-03 6.164E-03 6.827E-03 7.044E-03 8.155E-03 8.950E-03 9.715E-03 1.051E-02 1.131E-02 1.211E-02 1.287E-02 1.428E-02 1.411E-02 1.450E-02 1.470E-02 1.469E-02 1.469E-02 1.410E-02 1.360E-02 1.301E-02 1.239E-02 1.234E-02 1.116E-02 1.060E-02 1.073E-02 9.637E-03 9.491E-03 9.164E-03 8.537E-03 8.233E-03 7.937E-03 7.634E-03 7.329E-03 6.908E-03 6.509E-03 6.045E-03 5.531E-03 4.963E-03 4.442E-03 3.905E-03 3.395E-03 
1.278E-03 1.277E-03 1.451E-03 1.771E-03 2.251E-03 2.742E-03 3.361E-03 4.037E-03 4.675E-03 5.310E-03 5.939E-03 6.469E-03 6.805E-03 7.853E-03 8.526E-03 9.229E-03 9.964E-03 1.073E-02 1.174E-02 1.228E-02 1.301E-02 1.368E-02 1.422E-02 1.459E-02 1.478E-02 1.476E-02 1.601E-02 1.415E-02 1.364E-02 1.305E-02 1.242E-02 1.179E-02 1.118E-02 1.062E-02 1.075E-02 9.986E-03 9.637E-03 8.876E-03 8.546E-03 8.320E-03 7.943E-03 7.638E-03 7.309E-03 6.939E-03 6.519E-03 6.047E-03 5.533E-03 4.992E-03 4.443E-03 3.906E-03 
1.051E-03 1.055E-03 1.229E-03 1.547E-03 1.983E-03 2.531E-03 3.165E-03 3.751E-03 4.444E-03 5.001E-03 5.696E-03 6.302E-03 6.903E-03 7.509E-03 7.652E-03 8.773E-03 9.448E-03 1.016E-02 1.089E-02 1.086E-02 1.240E-02 1.367E-02 1.377E-02 1.375E-02 1.466E-02 1.484E-02 1.481E-02 1.458E-02 1.419E-02 1.367E-02 1.307E-02 1.244E-02 1.181E-02 1.120E-02 1.064E-02 1.012E-02 1.017E-02 9.249E-03 8.883E-03 8.684E-03 8.244E-03 7.985E-03 7.695E-03 7.297E-03 6.942E-03 6.521E-03 6.049E-03 5.534E-03 4.993E-03 4.423E-03 
8.642E-04 8.690E-04 1.034E-03 1.344E-03 1.778E-03 2.307E-03 2.901E-03 3.532E-03 4.174E-03 4.808E-03 5.424E-03 6.020E-03 6.501E-03 7.174E-03 7.752E-03 8.345E-03 8.964E-03 9.590E-03 1.030E-02 1.102E-02 1.176E-02 1.250E-02 1.320E-02 1.384E-02 1.381E-02 1.471E-02 1.488E-02 1.484E-02 1.461E-02 1.458E-02 1.369E-02 1.365E-02 1.246E-02 1.240E-02 1.121E-02 1.065E-02 1.013E-02 9.667E-03 9.652E-03 8.888E-03 8.556E-03 8.395E-03 7.950E-03 7.644E-03 7.314E-03 6.943E-03 6.522E-03 6.050E-03 5.504E-03 4.994E-03 
7.111E-04 7.153E-04 8.664E-04 1.147E-03 1.556E-03 2.054E-03 2.585E-03 3.201E-03 3.867E-03 4.499E-03 5.116E-03 5.711E-03 6.283E-03 6.838E-03 7.386E-03 7.940E-03 8.511E-03 9.109E-03 9.741E-03 1.041E-02 1.111E-02 1.184E-02 1.257E-02 1.326E-02 1.389E-02 1.440E-02 1.587E-02 1.491E-02 1.487E-02 1.463E-02 1.423E-02 1.371E-02 1.311E-02 1.247E-02 1.291E-02 1.215E-02 1.065E-02 1.014E-02 9.672E-03 9.259E-03 8.891E-03 8.559E-03 8.250E-03 7.952E-03 7.653E-03 7.316E-03 6.916E-03 6.489E-03 6.051E-03 5.536E-03 
5.838E-04 5.878E-04 7.221E-04 9.819E-04 1.349E-03 1.807E-03 2.311E-03 2.920E-03 3.533E-03 4.110E-03 4.771E-03 5.368E-03 5.762E-03 6.263E-03 7.022E-03 7.443E-03 8.083E-03 8.636E-03 9.218E-03 9.199E-03 1.049E-02 1.042E-02 1.190E-02 1.262E-02 1.331E-02 1.466E-02 1.388E-02 1.478E-02 1.493E-02 1.489E-02 1.486E-02 1.573E-02 1.372E-02 1.367E-02 1.370E-02 1.184E-02 1.176E-02 1.066E-02 1.078E-02 9.676E-03 9.262E-03 8.893E-03 8.561E-03 8.252E-03 7.953E-03 7.654E-03 7.317E-03 6.945E-03 6.524E-03 6.017E-03 
4.794E-04 4.833E-04 6.032E-04 8.317E-04 1.159E-03 1.573E-03 2.058E-03 2.601E-03 3.182E-03 3.785E-03 4.393E-03 4.990E-03 5.567E-03 6.035E-03 6.649E-03 7.163E-03 7.673E-03 7.779E-03 8.638E-03 8.736E-03 9.905E-03 1.055E-02 1.123E-02 1.194E-02 1.265E-02 1.334E-02 1.468E-02 1.390E-02 1.480E-02 1.495E-02 1.492E-02 1.466E-02 1.426E-02 1.373E-02 1.312E-02 1.248E-02 1.184E-02 1.123E-02 1.066E-02 1.014E-02 9.678E-03 9.264E-03 8.895E-03 8.562E-03 8.253E-03 7.954E-03 7.648E-03 7.341E-03 6.946E-03 6.524E-03 
3.935E-04 3.972E-04 5.000E-04 7.007E-04 9.884E-04 1.349E-03 1.792E-03 2.287E-03 2.828E-03 3.373E-03 3.932E-03 4.582E-03 5.162E-03 5.721E-03 6.256E-03 6.541E-03 7.269E-03 7.765E-03 8.271E-03 8.707E-03 8.795E-03 9.956E-03 1.060E-02 1.127E-02 1.197E-02 1.188E-02 1.336E-02 1.397E-02 1.447E-02 1.481E-02 1.496E-02 1.491E-02 1.488E-02 1.426E-02 1.373E-02 1.369E-02 1.249E-02 1.293E-02 1.123E-02 1.066E-02 1.055E-02 9.680E-03 9.266E-03 9.090E-03 8.563E-03 8.254E-03 7.955E-03 7.649E-03 7.303E-03 6.918E-03 
3.229E-04 3.261E-04 4.149E-04 5.877E-04 8.373E-04 1.159E-03 1.535E-03 1.989E-03 2.468E-03 3.017E-03 3.578E-03 4.094E-03 4.648E-03 5.295E-03 5.839E-03 6.178E-03 6.764E-03 7.348E-03 7.833E-03 8.330E-03 8.849E-03 9.401E-03 9.355E-03 1.066E-02 1.054E-02 1.223E-02 1.270E-02 1.338E-02 1.399E-02 1.448E-02 1.444E-02 1.497E-02 1.492E-02 1.488E-02 1.427E-02 1.374E-02 1.313E-02 1.249E-02 1.185E-02 1.124E-02 1.067E-02 1.015E-02 1.002E-02 9.267E-03 8.897E-03 8.564E-03 8.402E-03 7.955E-03 7.702E-03 7.318E-03 
2.648E-04 2.676E-04 3.433E-04 4.909E-04 7.053E-04 9.833E-04 1.321E-03 1.714E-03 2.157E-03 2.622E-03 3.168E-03 3.717E-03 4.280E-03 4.843E-03 5.334E-03 5.927E-03 6.437E-03 6.927E-03 7.406E-03 7.883E-03 8.373E-03 8.886E-03 9.432E-03 1.002E-02 1.065E-02 1.144E-02 1.201E-02 1.271E-02 1.339E-02 1.399E-02 1.449E-02 1.445E-02 1.498E-02 1.633E-02 1.489E-02 1.427E-02 1.374E-02 1.313E-02 1.249E-02 1.185E-02 1.124E-02 1.067E-02 1.056E-02 9.682E-03 9.664E-03 9.091E-03 8.780E-03 8.255E-03 8.049E-03 7.649E-03 
2.172E-04 2.195E-04 2.840E-04 4.087E-04 5.913E-04 8.294E-04 1.121E-03 1.464E-03 1.845E-03 2.282E-03 2.773E-03 3.286E-03 3.825E-03 4.376E-03 4.879E-03 5.470E-03 5.993E-03 6.408E-03 6.976E-03 7.448E-03 7.920E-03 8.404E-03 8.912E-03 9.455E-03 1.001E-02 1.067E-02 1.057E-02 1.203E-02 1.272E-02 1.340E-02 1.400E-02 1.449E-02 1.483E-02 1.498E-02 1.493E-02 1.468E-02 1.427E-02 1.374E-02 1.448E-02 1.308E-02 1.185E-02 1.124E-02 1.067E-02 1.015E-02 1.002E-02 9.268E-03 8.898E-03 8.780E-03 8.255E-03 7.995E-03 
1.780E-04 1.800E-04 2.340E-04 3.393E-04 4.937E-04 6.960E-04 9.454E-04 1.241E-03 1.583E-03 1.971E-03 2.402E-03 2.873E-03 3.377E-03 3.877E-03 4.449E-03 4.992E-03 5.526E-03 6.041E-03 6.536E-03 7.012E-03 7.479E-03 7.946E-03 8.426E-03 8.932E-03 9.471E-03 1.005E-02 1.068E-02 1.058E-02 1.203E-02 1.273E-02 1.340E-02 1.401E-02 1.543E-02 1.445E-02 1.498E-02 1.634E-02 1.469E-02 1.428E-02 1.374E-02 1.314E-02 1.249E-02 1.185E-02 1.178E-02 1.067E-02 1.015E-02 9.683E-03 9.268E-03 8.899E-03 8.565E-03 8.256E-03 
1.459E-04 1.475E-04 1.929E-04 2.806E-04 4.108E-04 5.816E-04 7.933E-04 1.046E-03 1.342E-03 1.680E-03 2.062E-03 2.470E-03 2.949E-03 3.446E-03 3.937E-03 4.502E-03 5.039E-03 5.566E-03 6.076E-03 6.566E-03 6.942E-03 7.501E-03 7.965E-03 8.443E-03 8.945E-03 9.415E-03 9.423E-03 1.072E-02 1.059E-02 1.227E-02 1.274E-02 1.341E-02 1.333E-02 1.450E-02 1.484E-02 1.480E-02 1.493E-02 1.616E-02 1.465E-02 1.375E-02 1.314E-02 1.249E-02 1.243E-02 1.124E-02 1.067E-02 1.015E-02 9.683E-03 9.530E-03 8.899E-03 8.565E-03 
1.196E-04 1.209E-04 1.588E-04 2.320E-04 3.408E-04 4.842E-04 6.628E-04 8.753E-04 1.130E-03 1.423E-03 1.757E-03 2.133E-03 2.534E-03 3.007E-03 3.497E-03 4.012E-03 4.542E-03 5.024E-03 5.596E-03 6.102E-03 6.588E-03 6.827E-03 7.517E-03 7.979E-03 8.349E-03 8.955E-03 9.491E-03 1.007E-02 1.073E-02 1.135E-02 1.125E-02 1.194E-02 1.265E-02 1.401E-02 1.450E-02 1.484E-02 1.499E-02 1.493E-02 1.469E-02 1.465E-02 1.375E-02 1.314E-02 1.249E-02 1.185E-02 1.178E-02 1.067E-02 1.015E-02 9.683E-03 9.665E-03 8.899E-03 
9.795E-05 9.910E-05 1.305E-04 1.917E-04 2.821E-04 4.020E-04 5.518E-04 7.314E-04 9.475E-04 1.198E-03 1.486E-03 1.815E-03 2.186E-03 2.598E-03 3.050E-03 3.502E-03 4.045E-03 4.570E-03 5.049E-03 5.507E-03 6.046E-03 6.604E-03 7.071E-03 7.244E-03 7.988E-03 8.357E-03 8.962E-03 8.933E-03 1.007E-02 1.070E-02 1.136E-02 1.205E-02 1.194E-02 1.341E-02 1.334E-02 1.450E-02 1.484E-02 1.499E-02 1.493E-02 1.469E-02 1.428E-02 1.375E-02 1.370E-02 1.372E-02 1.185E-02 1.124E-02 1.067E-02 1.056E-02 9.684E-03 9.269E-03 
8.023E-05 8.119E-05 1.072E-04 1.579E-04 2.331E-04 3.329E-04 4.580E-04 6.101E-04 7.910E-04 1.003E-03 1.251E-03 1.535E-03 1.860E-03 2.226E-03 2.618E-03 3.081E-03 3.563E-03 4.069E-03 4.591E-03 5.033E-03 5.633E-03 6.133E-03 6.615E-03 7.080E-03 7.537E-03 7.995E-03 8.468E-03 8.479E-03 9.434E-03 9.439E-03 1.073E-02 1.060E-02 1.205E-02 1.195E-02 1.341E-02 1.402E-02 1.396E-02 1.484E-02 1.627E-02 1.493E-02 1.616E-02 1.465E-02 1.375E-02 1.314E-02 1.250E-02 1.185E-02 1.124E-02 1.145E-02 1.015E-02 9.684E-03 
6.572E-05 6.651E-05 8.804E-05 1.300E-04 1.923E-04 2.751E-04 3.788E-04 5.057E-04 6.581E-04 8.374E-04 1.047E-03 1.291E-03 1.572E-03 1.893E-03 2.256E-03 2.644E-03 3.104E-03 3.583E-03 4.087E-03 4.567E-03 5.129E-03 5.644E-03 6.143E-03 6.440E-03 7.087E-03 7.542E-03 8.000E-03 8.058E-03 8.970E-03 9.437E-03 1.008E-02 1.070E-02 1.136E-02 1.205E-02 1.274E-02 1.341E-02 1.402E-02 1.451E-02 1.484E-02 1.499E-02 1.493E-02 1.469E-02 1.428E-02 1.375E-02 1.370E-02 1.250E-02 1.185E-02 1.124E-02 1.067E-02 1.015E-02 
5.383E-05 5.448E-05 7.223E-05 1.069E-04 1.584E-04 2.270E-04 3.132E-04 4.186E-04 5.453E-04 6.964E-04 8.735E-04 1.081E-03 1.318E-03 1.600E-03 1.918E-03 2.266E-03 2.680E-03 3.121E-03 3.597E-03 4.100E-03 4.617E-03 5.138E-03 5.652E-03 6.150E-03 6.629E-03 7.092E-03 7.546E-03 8.004E-03 8.475E-03 8.973E-03 8.942E-03 1.008E-02 1.070E-02 1.136E-02 1.228E-02 1.275E-02 1.341E-02 1.402E-02 1.544E-02 1.484E-02 1.499E-02 1.494E-02 1.469E-02 1.428E-02 1.375E-02 1.370E-02 1.250E-02 1.243E-02 1.124E-02 1.115E-02 
4.409E-05 4.463E-05 5.926E-05 8.783E-05 1.303E-04 1.870E-04 2.586E-04 3.459E-04 4.518E-04 5.776E-04 7.263E-04 9.013E-04 1.106E-03 1.345E-03 1.615E-03 1.930E-03 2.294E-03 2.694E-03 3.133E-03 3.608E-03 4.109E-03 4.625E-03 5.145E-03 5.596E-03 6.154E-03 6.450E-03 7.095E-03 7.549E-03 8.006E-03 8.477E-03 8.975E-03 9.508E-03 1.008E-02 1.070E-02 1.136E-02 1.126E-02 1.312E-02 1.265E-02 1.402E-02 1.451E-02 1.484E-02 1.499E-02 1.494E-02 1.469E-02 1.428E-02 1.375E-02 1.314E-02 1.250E-02 1.185E-02 1.124E-02 
3.610E-05 3.655E-05 4.859E-05 7.212E-05 1.071E-04 1.539E-04 2.129E-04 2.856E-04 3.732E-04 4.775E-04 6.022E-04 7.491E-04 9.222E-04 1.125E-03 1.362E-03 1.635E-03 1.949E-03 2.305E-03 2.704E-03 3.142E-03 3.583E-03 4.115E-03 4.630E-03 5.100E-03 5.551E-03 6.158E-03 6.636E-03 7.001E-03 7.551E-03 8.008E-03 8.479E-03 8.976E-03 9.509E-03 1.006E-02 1.070E-02 1.136E-02 1.205E-02 1.195E-02 1.342E-02 1.402E-02 1.451E-02 1.484E-02 1.499E-02 1.494E-02 1.490E-02 1.465E-02 1.375E-02 1.314E-02 1.250E-02 1.185E-02 
2.957E-05 2.993E-05 3.984E-05 5.917E-05 8.801E-05 1.265E-04 1.753E-04 2.353E-04 3.078E-04 3.947E-04 4.982E-04 6.210E-04 7.664E-04 9.378E-04 1.137E-03 1.370E-03 1.646E-03 1.959E-03 2.314E-03 2.711E-03 3.148E-03 3.588E-03 4.090E-03 4.572E-03 5.153E-03 5.664E-03 6.160E-03 6.454E-03 7.099E-03 7.448E-03 8.009E-03 8.480E-03 8.977E-03 8.945E-03 1.008E-02 1.070E-02 1.136E-02 1.205E-02 1.275E-02 1.266E-02 1.402E-02 1.451E-02 1.484E-02 1.499E-02 1.494E-02 1.469E-02 1.428E-02 1.375E-02 1.314E-02 1.250E-02 
2.421E-05 2.451E-05 3.265E-05 4.856E-05 7.225E-05 1.040E-04 1.441E-04 1.936E-04 2.534E-04 3.255E-04 4.114E-04 5.137E-04 6.352E-04 7.792E-04 9.475E-04 1.149E-03 1.383E-03 1.654E-03 1.966E-03 2.320E-03 2.716E-03 3.153E-03 3.624E-03 4.123E-03 4.598E-03 5.155E-03 5.666E-03 6.162E-03 6.553E-03 7.100E-03 7.449E-03 8.010E-03 8.066E-03 8.977E-03 9.510E-03 9.446E-03 1.070E-02 1.136E-02 1.205E-02 1.275E-02 1.342E-02 1.402E-02 1.451E-02 1.484E-02 1.499E-02 1.494E-02 1.490E-02 1.576E-02 1.375E-02 1.314E-02 
1.983E-05 2.007E-05 2.676E-05 3.981E-05 5.929E-05 8.536E-05 1.184E-04 1.592E-04 2.085E-04 2.680E-04 3.392E-04 4.238E-04 5.253E-04 6.450E-04 7.887E-04 9.559E-04 1.157E-03 1.387E-03 1.660E-03 1.963E-03 2.324E-03 2.720E-03 3.139E-03 3.627E-03 4.125E-03 4.639E-03 5.157E-03 5.668E-03 6.020E-03 6.640E-03 7.101E-03 7.555E-03 8.010E-03 8.376E-03 8.978E-03 9.443E-03 1.009E-02 1.070E-02 1.136E-02 1.205E-02 1.275E-02 1.342E-02 1.334E-02 1.451E-02 1.484E-02 1.499E-02 1.494E-02 1.490E-02 1.428E-02 1.424E-02 
1.623E-05 1.644E-05 2.192E-05 3.264E-05 4.863E-05 7.005E-05 9.723E-05 1.308E-04 1.715E-04 2.205E-04 2.793E-04 3.496E-04 4.337E-04 5.340E-04 6.529E-04 7.956E-04 9.638E-04 1.162E-03 1.391E-03 1.658E-03 1.974E-03 2.327E-03 2.722E-03 3.142E-03 3.629E-03 4.081E-03 4.640E-03 5.158E-03 5.558E-03 6.164E-03 6.641E-03 7.102E-03 7.555E-03 8.011E-03 8.481E-03 8.885E-03 9.510E-03 1.009E-02 1.070E-02 1.136E-02 1.205E-02 1.275E-02 1.342E-02 1.402E-02 1.451E-02 1.596E-02 1.480E-02 1.634E-02 1.469E-02 1.428E-02 
1.329E-05 1.346E-05 1.796E-05 2.676E-05 3.988E-05 5.746E-05 7.977E-05 1.074E-04 1.408E-04 1.812E-04 2.297E-04 2.879E-04 3.575E-04 4.405E-04 5.404E-04 6.593E-04 8.007E-04 9.682E-04 1.166E-03 1.398E-03 1.667E-03 1.977E-03 2.329E-03 2.724E-03 3.160E-03 3.630E-03 4.128E-03 4.641E-03 5.159E-03 5.669E-03 6.164E-03 6.641E-03 7.005E-03 7.555E-03 8.011E-03 8.067E-03 8.886E-03 9.511E-03 1.009E-02 1.071E-02 1.136E-02 1.205E-02 1.275E-02 1.342E-02 1.402E-02 1.451E-02 1.484E-02 1.499E-02 1.494E-02 1.469E-02 
1.088E-05 1.102E-05 1.471E-05 2.193E-05 3.269E-05 4.712E-05 6.545E-05 8.808E-05 1.156E-04 1.489E-04 1.888E-04 2.367E-04 2.942E-04 3.634E-04 4.461E-04 5.451E-04 6.627E-04 8.043E-04 9.714E-04 1.169E-03 1.396E-03 1.665E-03 1.978E-03 2.331E-03 2.726E-03 3.161E-03 3.631E-03 4.129E-03 4.642E-03 5.076E-03 5.670E-03 6.165E-03 6.458E-03 7.006E-03 7.556E-03 8.011E-03 8.377E-03 8.978E-03 9.511E-03 1.006E-02 1.071E-02 1.060E-02 1.205E-02 1.275E-02 1.266E-02 1.402E-02 1.451E-02 1.484E-02 1.499E-02 1.494E-02 
