4.597E-02 4.827E-02 5.027E-02 5.208E-02 5.361E-02 5.483E-02 5.588E-02 5.624E-02 5.640E-02 5.651E-02 5.557E-02 5.510E-02 5.332E-02 5.233E-02 4.985E-02 4.846E-02 4.550E-02 4.384E-02 4.138E-02 3.813E-02 3.633E-02 3.384E-02 3.074E-02 2.842E-02 2.620E-02 2.463E-02 2.261E-02 2.025E-02 1.852E-02 1.690E-02 1.541E-02 1.404E-02 1.278E-02 1.162E-02 1.055E-02 9.583E-03 8.697E-03 7.889E-03 7.154E-03 6.485E-03 5.877E-03 5.325E-03 4.909E-03 4.369E-03 4.024E-03 3.582E-03 3.297E-03 2.936E-03 2.658E-03 2.406E-03 
4.819E-02 5.030E-02 5.232E-02 5.385E-02 5.523E-02 5.630E-02 5.703E-02 5.741E-02 5.780E-02 5.709E-02 5.638E-02 5.532E-02 5.394E-02 5.227E-02 5.034E-02 4.820E-02 4.589E-02 4.421E-02 4.096E-02 3.915E-02 3.591E-02 3.342E-02 3.099E-02 2.866E-02 2.643E-02 2.479E-02 2.275E-02 2.044E-02 1.870E-02 1.707E-02 1.585E-02 1.419E-02 1.291E-02 1.175E-02 1.067E-02 9.695E-03 8.926E-03 7.986E-03 7.243E-03 6.568E-03 5.953E-03 5.395E-03 4.940E-03 4.428E-03 4.010E-03 3.666E-03 3.289E-03 2.978E-03 2.696E-03 2.440E-03 
5.020E-02 5.216E-02 5.411E-02 5.540E-02 5.663E-02 5.755E-02 5.849E-02 5.839E-02 5.828E-02 5.783E-02 5.761E-02 5.588E-02 5.512E-02 5.270E-02 5.148E-02 4.854E-02 4.698E-02 4.376E-02 4.198E-02 3.869E-02 3.615E-02 3.428E-02 3.122E-02 2.940E-02 2.664E-02 2.451E-02 2.251E-02 2.063E-02 1.887E-02 1.724E-02 1.573E-02 1.434E-02 1.305E-02 1.201E-02 1.080E-02 9.809E-03 8.907E-03 8.084E-03 7.334E-03 6.651E-03 6.060E-03 5.466E-03 4.953E-03 4.488E-03 4.065E-03 3.682E-03 3.338E-03 3.021E-03 2.734E-03 2.475E-03 
5.196E-02 5.377E-02 5.536E-02 5.671E-02 5.778E-02 5.855E-02 5.901E-02 5.914E-02 5.893E-02 5.902E-02 5.818E-02 5.628E-02 5.478E-02 5.300E-02 5.182E-02 4.880E-02 4.725E-02 4.476E-02 4.220E-02 3.891E-02 3.636E-02 3.386E-02 3.143E-02 2.908E-02 2.683E-02 2.470E-02 2.269E-02 2.080E-02 1.904E-02 1.740E-02 1.588E-02 1.448E-02 1.328E-02 1.201E-02 1.092E-02 9.953E-03 9.030E-03 8.182E-03 7.423E-03 6.736E-03 6.094E-03 5.538E-03 4.998E-03 4.548E-03 4.097E-03 3.733E-03 3.357E-03 3.062E-03 2.773E-03 2.488E-03 
5.376E-02 5.510E-02 5.653E-02 5.815E-02 5.866E-02 5.982E-02 5.963E-02 6.030E-02 5.935E-02 5.948E-02 5.776E-02 5.651E-02 5.585E-02 5.406E-02 5.204E-02 4.894E-02 4.743E-02 4.413E-02 4.161E-02 3.906E-02 3.652E-02 3.403E-02 3.160E-02 2.925E-02 2.700E-02 2.518E-02 2.286E-02 2.097E-02 1.920E-02 1.756E-02 1.603E-02 1.467E-02 1.333E-02 1.213E-02 1.102E-02 1.003E-02 9.117E-03 8.232E-03 7.515E-03 6.819E-03 6.186E-03 5.609E-03 5.085E-03 4.609E-03 4.177E-03 3.784E-03 3.428E-03 3.054E-03 2.812E-03 2.547E-03 
5.463E-02 5.654E-02 5.740E-02 5.845E-02 5.924E-02 6.040E-02 5.999E-02 6.068E-02 5.953E-02 5.883E-02 5.784E-02 5.655E-02 5.499E-02 5.319E-02 5.117E-02 4.991E-02 4.663E-02 4.503E-02 4.246E-02 3.915E-02 3.663E-02 3.415E-02 3.173E-02 2.939E-02 2.715E-02 2.527E-02 2.320E-02 2.125E-02 1.935E-02 1.774E-02 1.617E-02 1.474E-02 1.341E-02 1.225E-02 1.107E-02 1.014E-02 9.219E-03 8.375E-03 7.498E-03 6.902E-03 6.156E-03 5.680E-03 5.150E-03 4.669E-03 4.232E-03 3.835E-03 3.475E-03 3.069E-03 2.851E-03 2.582E-03 
5.591E-02 5.680E-02 5.794E-02 5.885E-02 5.951E-02 5.992E-02 6.005E-02 6.080E-02 5.945E-02 5.974E-02 5.769E-02 5.748E-02 5.593E-02 5.304E-02 5.210E-02 4.887E-02 4.656E-02 4.503E-02 4.247E-02 3.917E-02 3.667E-02 3.421E-02 3.181E-02 2.984E-02 2.726E-02 2.534E-02 2.313E-02 2.125E-02 1.950E-02 1.783E-02 1.630E-02 1.488E-02 1.357E-02 1.224E-02 1.126E-02 1.009E-02 9.318E-03 8.307E-03 7.691E-03 6.983E-03 6.337E-03 5.601E-03 5.215E-03 4.728E-03 4.287E-03 3.885E-03 3.406E-03 3.083E-03 2.890E-03 2.618E-03 
5.594E-02 5.713E-02 5.812E-02 5.891E-02 6.027E-02 6.066E-02 5.982E-02 5.961E-02 6.022E-02 5.835E-02 5.732E-02 5.603E-02 5.449E-02 5.272E-02 5.076E-02 4.863E-02 4.739E-02 4.400E-02 4.157E-02 3.985E-02 3.665E-02 3.422E-02 3.184E-02 2.955E-02 2.734E-02 2.523E-02 2.323E-02 2.137E-02 1.955E-02 1.795E-02 1.642E-02 1.500E-02 1.369E-02 1.248E-02 1.137E-02 1.035E-02 9.412E-03 8.339E-03 7.774E-03 7.061E-03 6.410E-03 5.817E-03 5.277E-03 4.786E-03 4.340E-03 3.778E-03 3.566E-03 3.231E-03 2.928E-03 2.535E-03 
5.605E-02 5.709E-02 5.796E-02 5.862E-02 5.908E-02 5.931E-02 5.929E-02 6.021E-02 5.976E-02 5.905E-02 5.671E-02 5.544E-02 5.530E-02 5.222E-02 5.159E-02 4.824E-02 4.604E-02 4.373E-02 4.226E-02 3.895E-02 3.720E-02 3.416E-02 3.224E-02 2.955E-02 2.737E-02 2.540E-02 2.330E-02 2.144E-02 1.968E-02 1.790E-02 1.652E-02 1.510E-02 1.379E-02 1.232E-02 1.146E-02 1.044E-02 9.500E-03 8.640E-03 7.854E-03 7.135E-03 6.480E-03 5.882E-03 5.109E-03 4.843E-03 4.392E-03 3.982E-03 3.610E-03 3.272E-03 2.965E-03 2.687E-03 
5.640E-02 5.669E-02 5.743E-02 5.892E-02 5.836E-02 5.965E-02 5.969E-02 5.817E-02 5.764E-02 5.687E-02 5.587E-02 5.464E-02 5.319E-02 5.153E-02 4.970E-02 4.770E-02 4.557E-02 4.334E-02 4.104E-02 3.954E-02 3.635E-02 3.459E-02 3.216E-02 2.951E-02 2.736E-02 2.530E-02 2.334E-02 2.149E-02 1.975E-02 1.812E-02 1.660E-02 1.518E-02 1.387E-02 1.266E-02 1.155E-02 1.052E-02 9.248E-03 8.718E-03 7.928E-03 6.894E-03 6.247E-03 5.944E-03 5.124E-03 4.897E-03 4.442E-03 3.802E-03 3.653E-03 3.115E-03 3.001E-03 2.720E-03 
5.513E-02 5.592E-02 5.656E-02 5.703E-02 5.732E-02 5.867E-02 5.868E-02 5.847E-02 5.649E-02 5.575E-02 5.644E-02 5.361E-02 5.389E-02 5.065E-02 4.890E-02 4.700E-02 4.496E-02 4.282E-02 4.061E-02 3.927E-02 3.608E-02 3.381E-02 3.158E-02 2.972E-02 2.729E-02 2.527E-02 2.334E-02 2.151E-02 1.979E-02 1.817E-02 1.666E-02 1.525E-02 1.359E-02 1.274E-02 1.163E-02 1.060E-02 9.655E-03 8.790E-03 7.624E-03 7.271E-03 6.608E-03 6.003E-03 5.137E-03 4.652E-03 4.211E-03 4.073E-03 3.694E-03 3.123E-03 3.036E-03 2.752E-03 
5.412E-02 5.480E-02 5.535E-02 5.683E-02 5.720E-02 5.739E-02 5.591E-02 5.560E-02 5.509E-02 5.438E-02 5.347E-02 5.236E-02 5.106E-02 5.136E-02 4.793E-02 4.613E-02 4.420E-02 4.216E-02 4.005E-02 3.789E-02 3.570E-02 3.351E-02 3.135E-02 2.923E-02 2.717E-02 2.519E-02 2.330E-02 2.150E-02 1.958E-02 1.820E-02 1.636E-02 1.530E-02 1.400E-02 1.280E-02 1.169E-02 1.022E-02 9.721E-03 8.854E-03 8.059E-03 7.331E-03 6.666E-03 6.057E-03 5.148E-03 4.996E-03 4.535E-03 4.115E-03 3.733E-03 3.386E-03 3.070E-03 2.563E-03 
5.278E-02 5.424E-02 5.382E-02 5.415E-02 5.434E-02 5.437E-02 5.423E-02 5.564E-02 5.344E-02 5.278E-02 5.193E-02 5.289E-02 4.970E-02 4.832E-02 4.678E-02 4.509E-02 4.328E-02 4.137E-02 3.937E-02 3.844E-02 3.616E-02 3.312E-02 3.104E-02 2.899E-02 2.723E-02 2.506E-02 2.321E-02 2.130E-02 1.977E-02 1.819E-02 1.671E-02 1.533E-02 1.404E-02 1.238E-02 1.174E-02 1.023E-02 9.776E-03 8.910E-03 8.114E-03 6.933E-03 6.283E-03 5.692E-03 5.550E-03 5.041E-03 4.577E-03 3.827E-03 3.464E-03 3.135E-03 2.837E-03 2.812E-03 
5.113E-02 5.163E-02 5.202E-02 5.229E-02 5.244E-02 5.245E-02 5.231E-02 5.385E-02 5.158E-02 5.300E-02 5.019E-02 5.139E-02 4.814E-02 4.687E-02 4.750E-02 4.389E-02 4.221E-02 4.042E-02 3.855E-02 3.661E-02 3.463E-02 3.349E-02 3.064E-02 2.914E-02 2.704E-02 2.487E-02 2.307E-02 2.122E-02 1.971E-02 1.816E-02 1.632E-02 1.490E-02 1.406E-02 1.288E-02 1.178E-02 1.076E-02 9.294E-03 8.956E-03 8.161E-03 7.432E-03 6.764E-03 6.152E-03 5.593E-03 5.082E-03 4.616E-03 4.191E-03 3.804E-03 3.452E-03 3.131E-03 2.840E-03 
4.922E-02 4.964E-02 4.997E-02 5.148E-02 5.177E-02 5.031E-02 5.018E-02 4.992E-02 4.951E-02 4.896E-02 5.050E-02 4.740E-02 4.640E-02 4.525E-02 4.396E-02 4.254E-02 4.099E-02 3.934E-02 3.760E-02 3.579E-02 3.393E-02 3.304E-02 3.015E-02 2.827E-02 2.642E-02 2.462E-02 2.292E-02 2.120E-02 1.961E-02 1.778E-02 1.666E-02 1.532E-02 1.406E-02 1.289E-02 1.125E-02 1.079E-02 9.853E-03 8.992E-03 7.655E-03 7.472E-03 6.803E-03 6.191E-03 5.166E-03 5.119E-03 4.651E-03 4.225E-03 3.836E-03 3.482E-03 2.844E-03 2.866E-03 
4.786E-02 4.839E-02 4.886E-02 4.924E-02 4.801E-02 4.800E-02 4.788E-02 4.765E-02 4.728E-02 4.679E-02 4.616E-02 4.784E-02 4.451E-02 4.348E-02 4.232E-02 4.103E-02 3.963E-02 4.013E-02 3.652E-02 3.646E-02 3.312E-02 3.250E-02 2.958E-02 2.780E-02 2.604E-02 2.431E-02 2.263E-02 2.101E-02 1.928E-02 1.798E-02 1.659E-02 1.527E-02 1.403E-02 1.288E-02 1.123E-02 1.080E-02 9.874E-03 9.018E-03 8.229E-03 7.503E-03 6.295E-03 6.224E-03 5.664E-03 4.682E-03 4.683E-03 4.255E-03 3.865E-03 3.509E-03 3.185E-03 2.890E-03 
4.555E-02 4.508E-02 4.532E-02 4.549E-02 4.711E-02 4.729E-02 4.737E-02 4.733E-02 4.492E-02 4.687E-02 4.394E-02 4.327E-02 4.248E-02 4.157E-02 4.054E-02 3.939E-02 3.813E-02 3.677E-02 3.532E-02 3.559E-02 3.220E-02 3.057E-02 2.891E-02 2.723E-02 2.557E-02 2.393E-02 2.233E-02 2.077E-02 1.927E-02 1.759E-02 1.648E-02 1.476E-02 1.398E-02 1.230E-02 1.178E-02 1.080E-02 9.880E-03 9.032E-03 8.248E-03 7.526E-03 6.862E-03 5.705E-03 5.169E-03 5.179E-03 4.710E-03 3.840E-03 3.476E-03 3.533E-03 3.208E-03 2.912E-03 
4.311E-02 4.261E-02 4.397E-02 4.296E-02 4.303E-02 4.302E-02 4.293E-02 4.489E-02 4.247E-02 4.455E-02 4.162E-02 4.104E-02 4.307E-02 3.955E-02 4.136E-02 3.763E-02 3.652E-02 3.530E-02 3.400E-02 3.262E-02 3.117E-02 2.968E-02 2.938E-02 2.757E-02 2.503E-02 2.348E-02 2.196E-02 2.047E-02 1.904E-02 1.766E-02 1.634E-02 1.468E-02 1.390E-02 1.279E-02 1.175E-02 1.017E-02 9.872E-03 9.033E-03 8.257E-03 7.540E-03 6.879E-03 5.703E-03 5.168E-03 5.202E-03 4.733E-03 3.840E-03 3.913E-03 3.555E-03 3.229E-03 2.578E-03 
3.984E-02 4.007E-02 4.024E-02 4.037E-02 4.043E-02 4.221E-02 4.233E-02 4.020E-02 3.997E-02 3.965E-02 3.924E-02 3.874E-02 3.815E-02 3.746E-02 3.667E-02 3.858E-02 3.481E-02 3.374E-02 3.258E-02 3.353E-02 3.004E-02 2.869E-02 2.728E-02 2.585E-02 2.441E-02 2.296E-02 2.153E-02 2.012E-02 1.875E-02 1.743E-02 1.616E-02 1.495E-02 1.335E-02 1.220E-02 1.113E-02 1.074E-02 9.232E-03 9.022E-03 8.254E-03 7.544E-03 6.888E-03 6.284E-03 5.166E-03 5.219E-03 4.751E-03 3.840E-03 3.477E-03 3.574E-03 3.247E-03 2.949E-03 
3.730E-02 3.750E-02 3.765E-02 3.776E-02 3.782E-02 3.960E-02 3.975E-02 3.982E-02 3.981E-02 3.717E-02 3.683E-02 3.640E-02 3.878E-02 3.530E-02 3.463E-02 3.678E-02 3.302E-02 3.208E-02 3.107E-02 2.998E-02 2.882E-02 2.760E-02 2.797E-02 2.503E-02 2.371E-02 2.319E-02 2.103E-02 1.971E-02 1.841E-02 1.713E-02 1.577E-02 1.448E-02 1.366E-02 1.261E-02 1.162E-02 1.068E-02 9.810E-03 8.996E-03 8.239E-03 7.537E-03 6.888E-03 6.289E-03 5.738E-03 5.230E-03 4.765E-03 4.338E-03 3.476E-03 3.589E-03 3.262E-03 2.964E-03 
3.549E-02 3.495E-02 3.508E-02 3.652E-02 3.523E-02 3.701E-02 3.519E-02 3.727E-02 3.493E-02 3.471E-02 3.442E-02 3.689E-02 3.363E-02 3.313E-02 3.558E-02 3.190E-02 3.117E-02 3.037E-02 2.949E-02 2.854E-02 2.752E-02 2.644E-02 2.531E-02 2.414E-02 2.293E-02 2.271E-02 2.047E-02 1.924E-02 1.802E-02 1.693E-02 1.568E-02 1.456E-02 1.349E-02 1.248E-02 1.151E-02 1.061E-02 9.167E-03 8.346E-03 8.211E-03 6.898E-03 6.879E-03 5.684E-03 5.740E-03 4.674E-03 4.773E-03 4.348E-03 3.958E-03 3.601E-03 3.275E-03 2.578E-03 
3.229E-02 3.244E-02 3.366E-02 3.265E-02 3.270E-02 3.445E-02 3.268E-02 3.475E-02 3.246E-02 3.481E-02 3.204E-02 3.174E-02 3.138E-02 3.399E-02 3.355E-02 2.992E-02 2.930E-02 2.861E-02 2.785E-02 2.703E-02 2.615E-02 2.521E-02 2.421E-02 2.316E-02 2.208E-02 2.217E-02 1.984E-02 1.871E-02 1.758E-02 1.646E-02 1.537E-02 1.420E-02 1.330E-02 1.232E-02 1.139E-02 1.000E-02 9.678E-03 8.899E-03 8.170E-03 6.879E-03 6.860E-03 6.275E-03 5.148E-03 5.235E-03 4.231E-03 4.353E-03 3.966E-03 3.610E-03 2.847E-03 2.987E-03 
3.055E-02 3.087E-02 3.119E-02 3.019E-02 3.024E-02 3.026E-02 3.023E-02 3.229E-02 3.239E-02 2.991E-02 2.971E-02 3.229E-02 3.211E-02 3.185E-02 2.840E-02 2.794E-02 2.742E-02 2.683E-02 2.619E-02 2.833E-02 2.473E-02 2.637E-02 2.305E-02 2.213E-02 2.117E-02 2.157E-02 1.915E-02 1.812E-02 1.708E-02 1.605E-02 1.520E-02 1.403E-02 1.306E-02 1.185E-02 1.124E-02 9.935E-03 9.584E-03 8.826E-03 8.115E-03 7.450E-03 6.831E-03 6.255E-03 5.721E-03 5.228E-03 4.226E-03 3.830E-03 3.969E-03 3.615E-03 3.291E-03 2.994E-03 
2.820E-02 2.767E-02 2.777E-02 2.784E-02 2.789E-02 2.790E-02 2.976E-02 2.991E-02 2.775E-02 3.009E-02 2.747E-02 2.726E-02 2.701E-02 2.672E-02 2.638E-02 2.599E-02 2.555E-02 2.506E-02 2.452E-02 2.393E-02 2.328E-02 2.519E-02 2.183E-02 2.104E-02 2.206E-02 1.932E-02 1.841E-02 1.748E-02 1.653E-02 1.558E-02 1.495E-02 1.383E-02 1.279E-02 1.191E-02 1.076E-02 1.024E-02 9.469E-03 8.736E-03 7.500E-03 7.396E-03 6.790E-03 6.225E-03 5.700E-03 5.214E-03 4.764E-03 4.350E-03 3.467E-03 3.140E-03 3.294E-03 2.999E-03 
2.596E-02 2.625E-02 2.553E-02 2.560E-02 2.704E-02 2.566E-02 2.565E-02 2.562E-02 2.776E-02 2.545E-02 2.789E-02 2.787E-02 2.494E-02 2.470E-02 2.442E-02 2.409E-02 2.373E-02 2.332E-02 2.287E-02 2.237E-02 2.182E-02 2.395E-02 2.059E-02 1.991E-02 1.918E-02 2.019E-02 1.761E-02 1.678E-02 1.689E-02 1.507E-02 1.420E-02 1.334E-02 1.249E-02 1.166E-02 1.085E-02 1.008E-02 9.334E-03 8.627E-03 7.458E-03 6.797E-03 6.738E-03 5.626E-03 5.671E-03 5.193E-03 4.212E-03 4.340E-03 3.962E-03 3.614E-03 3.294E-03 3.000E-03 
2.326E-02 2.411E-02 2.342E-02 2.463E-02 2.487E-02 2.354E-02 2.354E-02 2.351E-02 2.346E-02 2.338E-02 2.327E-02 2.313E-02 2.296E-02 2.276E-02 2.554E-02 2.226E-02 2.196E-02 2.162E-02 2.124E-02 2.082E-02 2.037E-02 1.987E-02 1.933E-02 2.118E-02 1.813E-02 1.746E-02 1.676E-02 1.604E-02 1.528E-02 1.451E-02 1.372E-02 1.293E-02 1.237E-02 1.143E-02 1.062E-02 9.669E-03 9.177E-03 8.111E-03 7.857E-03 7.248E-03 6.674E-03 5.604E-03 5.095E-03 5.163E-03 4.202E-03 4.324E-03 3.951E-03 3.607E-03 2.839E-03 2.999E-03 
2.129E-02 2.137E-02 2.144E-02 2.150E-02 2.153E-02 2.156E-02 2.156E-02 2.154E-02 2.149E-02 2.366E-02 2.134E-02 2.122E-02 2.108E-02 2.376E-02 2.073E-02 2.050E-02 2.025E-02 2.308E-02 2.276E-02 1.932E-02 1.894E-02 1.852E-02 1.807E-02 1.758E-02 1.705E-02 1.649E-02 1.589E-02 1.525E-02 1.459E-02 1.391E-02 1.401E-02 1.249E-02 1.214E-02 1.106E-02 1.038E-02 9.553E-03 8.996E-03 8.353E-03 7.737E-03 7.151E-03 6.125E-03 6.074E-03 5.584E-03 5.126E-03 4.700E-03 4.303E-03 3.451E-03 3.129E-03 3.283E-03 2.994E-03 
1.998E-02 1.953E-02 1.959E-02 1.964E-02 2.090E-02 1.970E-02 1.970E-02 2.147E-02 2.162E-02 1.960E-02 2.184E-02 1.943E-02 1.932E-02 1.918E-02 1.902E-02 1.884E-02 2.164E-02 1.840E-02 1.814E-02 1.786E-02 1.754E-02 2.009E-02 1.959E-02 1.641E-02 1.841E-02 1.549E-02 1.498E-02 1.444E-02 1.387E-02 1.450E-02 1.363E-02 1.275E-02 1.136E-02 1.071E-02 1.006E-02 9.421E-03 8.793E-03 7.957E-03 7.600E-03 6.665E-03 6.507E-03 6.002E-03 5.053E-03 5.081E-03 4.664E-03 4.276E-03 3.915E-03 3.581E-03 3.272E-03 2.987E-03 
1.776E-02 1.782E-02 1.787E-02 1.891E-02 1.795E-02 1.797E-02 1.798E-02 1.966E-02 1.981E-02 1.790E-02 2.005E-02 1.776E-02 1.766E-02 1.755E-02 1.742E-02 1.727E-02 1.709E-02 1.690E-02 1.669E-02 1.646E-02 1.915E-02 1.591E-02 1.560E-02 1.527E-02 1.490E-02 1.450E-02 1.407E-02 1.361E-02 1.312E-02 1.399E-02 1.320E-02 1.149E-02 1.092E-02 1.080E-02 1.002E-02 9.147E-03 8.566E-03 7.996E-03 7.215E-03 6.912E-03 6.402E-03 5.918E-03 5.459E-03 4.576E-03 4.162E-03 3.782E-03 3.889E-03 3.560E-03 3.256E-03 2.975E-03 
1.618E-02 1.623E-02 1.628E-02 1.632E-02 1.745E-02 1.637E-02 1.638E-02 1.637E-02 1.635E-02 1.632E-02 1.627E-02 1.620E-02 1.852E-02 1.603E-02 1.592E-02 1.579E-02 1.565E-02 1.549E-02 1.822E-02 1.804E-02 1.491E-02 1.468E-02 1.442E-02 1.682E-02 1.639E-02 1.351E-02 1.315E-02 1.277E-02 1.235E-02 1.191E-02 1.274E-02 1.095E-02 1.128E-02 9.919E-03 9.386E-03 9.101E-03 8.314E-03 7.786E-03 7.269E-03 6.767E-03 6.284E-03 5.821E-03 5.380E-03 4.963E-03 4.570E-03 4.201E-03 3.857E-03 3.535E-03 2.821E-03 2.961E-03 
1.472E-02 1.477E-02 1.554E-02 1.485E-02 1.488E-02 1.490E-02 1.626E-02 1.490E-02 1.488E-02 1.486E-02 1.481E-02 1.476E-02 1.697E-02 1.702E-02 1.452E-02 1.442E-02 1.430E-02 1.693E-02 1.403E-02 1.387E-02 1.369E-02 1.350E-02 1.329E-02 1.573E-02 1.281E-02 1.254E-02 1.225E-02 1.193E-02 1.158E-02 1.121E-02 1.081E-02 1.039E-02 1.093E-02 1.025E-02 9.576E-03 8.526E-03 8.040E-03 7.555E-03 7.075E-03 6.465E-03 6.150E-03 5.426E-03 5.290E-03 4.890E-03 4.511E-03 4.154E-03 3.412E-03 3.505E-03 3.213E-03 2.554E-03 
1.338E-02 1.397E-02 1.415E-02 1.350E-02 1.353E-02 1.355E-02 1.483E-02 1.498E-02 1.512E-02 1.351E-02 1.348E-02 1.343E-02 1.337E-02 1.331E-02 1.562E-02 1.314E-02 1.305E-02 1.558E-02 1.282E-02 1.269E-02 1.528E-02 1.239E-02 1.222E-02 1.203E-02 1.183E-02 1.160E-02 1.136E-02 1.110E-02 1.081E-02 1.050E-02 1.016E-02 9.804E-03 9.424E-03 9.024E-03 8.608E-03 8.696E-03 7.743E-03 7.495E-03 6.923E-03 6.427E-03 6.001E-03 5.587E-03 4.916E-03 4.806E-03 4.443E-03 4.098E-03 3.774E-03 3.469E-03 3.185E-03 2.919E-03 
1.216E-02 1.220E-02 1.224E-02 1.227E-02 1.229E-02 1.230E-02 1.351E-02 1.231E-02 1.230E-02 1.228E-02 1.225E-02 1.221E-02 1.216E-02 1.210E-02 1.204E-02 1.432E-02 1.188E-02 1.179E-02 1.426E-02 1.419E-02 1.147E-02 1.134E-02 1.120E-02 1.361E-02 1.088E-02 1.070E-02 1.280E-02 1.245E-02 1.005E-02 9.791E-03 9.513E-03 1.066E-02 1.013E-02 9.586E-03 9.026E-03 7.812E-03 7.895E-03 7.029E-03 6.630E-03 6.231E-03 5.837E-03 5.311E-03 5.075E-03 4.713E-03 4.068E-03 4.035E-03 3.380E-03 3.076E-03 3.151E-03 2.540E-03 
1.139E-02 1.155E-02 1.111E-02 1.185E-02 1.200E-02 1.117E-02 1.117E-02 1.243E-02 1.116E-02 1.267E-02 1.278E-02 1.108E-02 1.104E-02 1.100E-02 1.307E-02 1.088E-02 1.312E-02 1.073E-02 1.065E-02 1.305E-02 1.046E-02 1.036E-02 1.025E-02 1.012E-02 9.986E-03 9.838E-03 1.195E-02 9.501E-03 9.308E-03 9.098E-03 8.868E-03 1.015E-02 8.349E-03 9.212E-03 7.752E-03 7.427E-03 7.087E-03 6.737E-03 6.379E-03 6.166E-03 5.657E-03 5.299E-03 4.948E-03 4.608E-03 4.279E-03 3.684E-03 3.664E-03 3.380E-03 3.113E-03 2.531E-03 
1.034E-02 1.005E-02 1.063E-02 1.077E-02 1.012E-02 1.013E-02 1.013E-02 1.013E-02 1.013E-02 1.011E-02 1.164E-02 1.173E-02 1.002E-02 9.982E-03 9.935E-03 9.882E-03 9.823E-03 9.759E-03 9.690E-03 9.616E-03 9.535E-03 9.448E-03 9.355E-03 1.164E-02 9.143E-03 9.024E-03 8.893E-03 8.751E-03 8.594E-03 8.423E-03 8.235E-03 8.030E-03 9.234E-03 7.565E-03 7.305E-03 7.028E-03 6.735E-03 6.970E-03 6.112E-03 6.038E-03 5.461E-03 5.159E-03 4.810E-03 4.492E-03 4.183E-03 3.884E-03 3.599E-03 3.327E-03 3.069E-03 2.826E-03 
9.079E-03 9.109E-03 9.135E-03 9.156E-03 9.173E-03 9.184E-03 9.189E-03 9.187E-03 9.180E-03 1.049E-02 9.147E-03 9.122E-03 9.091E-03 9.055E-03 1.089E-02 8.968E-03 8.918E-03 8.864E-03 1.098E-02 1.097E-02 8.676E-03 8.605E-03 8.528E-03 8.445E-03 8.355E-03 8.259E-03 8.153E-03 8.038E-03 7.911E-03 7.773E-03 7.620E-03 7.453E-03 7.270E-03 7.070E-03 6.854E-03 6.620E-03 7.184E-03 6.106E-03 6.324E-03 5.544E-03 5.251E-03 5.068E-03 4.658E-03 4.364E-03 4.076E-03 3.619E-03 3.309E-03 3.266E-03 2.755E-03 2.785E-03 
8.229E-03 8.256E-03 8.279E-03 8.298E-03 8.313E-03 9.113E-03 9.227E-03 9.337E-03 8.319E-03 8.307E-03 9.634E-03 8.267E-03 8.240E-03 8.209E-03 9.921E-03 8.133E-03 1.000E-02 8.044E-03 7.995E-03 7.942E-03 7.886E-03 7.826E-03 7.763E-03 7.695E-03 7.622E-03 7.543E-03 7.458E-03 7.365E-03 9.229E-03 7.152E-03 7.029E-03 6.894E-03 6.745E-03 7.958E-03 7.627E-03 7.274E-03 5.998E-03 5.774E-03 6.130E-03 5.286E-03 5.027E-03 4.763E-03 4.494E-03 4.237E-03 3.960E-03 3.578E-03 3.444E-03 2.997E-03 2.964E-03 2.494E-03 
7.456E-03 7.480E-03 7.501E-03 7.518E-03 7.531E-03 7.540E-03 7.544E-03 7.542E-03 7.536E-03 7.525E-03 7.510E-03 7.490E-03 7.466E-03 7.438E-03 7.407E-03 7.372E-03 7.335E-03 9.150E-03 9.168E-03 9.174E-03 7.160E-03 7.110E-03 7.058E-03 7.002E-03 6.942E-03 6.879E-03 8.821E-03 8.702E-03 6.653E-03 6.564E-03 6.465E-03 6.356E-03 6.236E-03 6.103E-03 5.957E-03 6.928E-03 5.623E-03 5.434E-03 5.232E-03 5.017E-03 4.792E-03 4.558E-03 4.500E-03 4.076E-03 3.833E-03 3.592E-03 3.355E-03 3.124E-03 2.902E-03 2.689E-03 
6.995E-03 6.775E-03 6.794E-03 7.302E-03 7.404E-03 6.829E-03 6.832E-03 7.697E-03 6.825E-03 6.815E-03 6.801E-03 6.783E-03 8.101E-03 8.165E-03 6.709E-03 6.679E-03 6.646E-03 8.340E-03 8.362E-03 6.536E-03 8.376E-03 6.454E-03 6.410E-03 6.364E-03 6.315E-03 6.263E-03 6.207E-03 6.147E-03 7.921E-03 6.010E-03 5.931E-03 5.844E-03 7.277E-03 5.641E-03 5.522E-03 5.392E-03 5.249E-03 5.996E-03 4.923E-03 4.740E-03 4.547E-03 4.344E-03 4.132E-03 3.916E-03 3.696E-03 3.476E-03 3.257E-03 3.043E-03 2.688E-03 2.632E-03 
6.338E-03 6.135E-03 6.526E-03 6.166E-03 6.714E-03 6.806E-03 6.186E-03 6.185E-03 7.068E-03 6.170E-03 6.157E-03 7.296E-03 6.122E-03 6.100E-03 6.075E-03 6.048E-03 6.019E-03 7.597E-03 5.957E-03 7.638E-03 5.889E-03 5.854E-03 5.817E-03 5.779E-03 7.576E-03 5.696E-03 5.650E-03 7.398E-03 5.549E-03 5.492E-03 5.429E-03 6.947E-03 6.790E-03 5.197E-03 5.102E-03 4.997E-03 4.880E-03 4.752E-03 4.611E-03 4.459E-03 4.869E-03 4.120E-03 3.937E-03 3.746E-03 3.696E-03 3.351E-03 3.151E-03 2.954E-03 2.759E-03 2.434E-03 
5.742E-03 5.555E-03 5.570E-03 6.000E-03 5.592E-03 5.597E-03 5.600E-03 5.598E-03 5.594E-03 5.585E-03 5.573E-03 5.559E-03 5.541E-03 6.743E-03 5.499E-03 5.475E-03 5.449E-03 6.914E-03 5.395E-03 5.366E-03 5.336E-03 5.306E-03 5.275E-03 5.242E-03 5.209E-03 6.901E-03 5.137E-03 6.801E-03 5.056E-03 5.010E-03 4.960E-03 4.904E-03 4.843E-03 4.775E-03 4.699E-03 4.615E-03 4.521E-03 4.417E-03 5.182E-03 4.176E-03 4.680E-03 4.415E-03 3.733E-03 3.567E-03 3.610E-03 3.218E-03 3.038E-03 2.857E-03 2.625E-03 2.408E-03 
5.013E-03 5.029E-03 5.042E-03 5.053E-03 5.516E-03 5.067E-03 5.068E-03 5.067E-03 5.062E-03 5.885E-03 5.044E-03 6.012E-03 6.070E-03 4.997E-03 4.977E-03 4.955E-03 6.256E-03 4.908E-03 4.884E-03 4.858E-03 4.833E-03 4.806E-03 4.780E-03 4.753E-03 4.725E-03 4.696E-03 4.666E-03 6.241E-03 4.600E-03 4.563E-03 4.523E-03 4.479E-03 4.431E-03 4.377E-03 4.317E-03 4.250E-03 4.174E-03 5.109E-03 3.997E-03 4.701E-03 3.781E-03 3.657E-03 3.524E-03 3.382E-03 3.513E-03 3.076E-03 3.034E-03 2.753E-03 2.590E-03 2.427E-03 
4.538E-03 4.552E-03 4.564E-03 4.574E-03 4.581E-03 4.585E-03 4.587E-03 5.207E-03 5.273E-03 4.574E-03 4.564E-03 5.455E-03 4.537E-03 4.521E-03 4.503E-03 5.648E-03 4.463E-03 4.442E-03 5.745E-03 4.397E-03 4.375E-03 4.352E-03 5.800E-03 4.306E-03 4.283E-03 4.258E-03 5.750E-03 4.208E-03 4.180E-03 4.151E-03 4.119E-03 4.084E-03 5.414E-03 4.004E-03 3.956E-03 5.089E-03 3.843E-03 3.776E-03 3.701E-03 3.618E-03 3.525E-03 3.423E-03 3.312E-03 3.192E-03 3.064E-03 2.929E-03 2.788E-03 2.643E-03 2.541E-03 2.347E-03 
4.265E-03 4.120E-03 4.131E-03 4.139E-03 4.146E-03 4.150E-03 4.151E-03 4.149E-03 4.780E-03 4.139E-03 4.130E-03 4.118E-03 4.105E-03 4.090E-03 4.074E-03 4.056E-03 4.038E-03 4.018E-03 3.999E-03 3.979E-03 3.959E-03 5.276E-03 5.283E-03 3.900E-03 5.282E-03 3.859E-03 3.839E-03 3.817E-03 3.795E-03 3.772E-03 3.746E-03 3.719E-03 4.995E-03 3.655E-03 3.618E-03 3.576E-03 4.620E-03 3.476E-03 3.416E-03 4.207E-03 3.274E-03 3.191E-03 3.682E-03 2.999E-03 2.891E-03 3.087E-03 2.653E-03 2.685E-03 2.394E-03 2.261E-03 
3.717E-03 3.728E-03 3.738E-03 3.746E-03 3.752E-03 3.755E-03 4.220E-03 3.754E-03 3.751E-03 4.386E-03 3.736E-03 3.726E-03 3.714E-03 3.700E-03 4.617E-03 3.669E-03 3.652E-03 3.635E-03 3.618E-03 3.600E-03 4.786E-03 3.565E-03 3.547E-03 4.815E-03 3.513E-03 3.496E-03 3.478E-03 4.782E-03 3.443E-03 3.424E-03 3.404E-03 3.382E-03 3.358E-03 3.332E-03 4.467E-03 3.269E-03 3.232E-03 4.193E-03 4.079E-03 3.954E-03 3.816E-03 2.963E-03 2.888E-03 2.806E-03 2.716E-03 2.981E-03 2.514E-03 2.403E-03 2.432E-03 2.255E-03 
3.363E-03 3.550E-03 3.383E-03 3.390E-03 3.715E-03 3.398E-03 3.398E-03 3.397E-03 3.393E-03 3.388E-03 3.380E-03 3.370E-03 3.359E-03 3.347E-03 4.189E-03 3.319E-03 3.303E-03 3.288E-03 3.272E-03 3.256E-03 3.240E-03 4.365E-03 3.209E-03 3.194E-03 4.385E-03 4.384E-03 3.150E-03 3.136E-03 3.121E-03 3.105E-03 3.089E-03 3.072E-03 4.225E-03 3.032E-03 3.010E-03 2.984E-03 2.955E-03 3.899E-03 2.885E-03 2.843E-03 2.796E-03 2.742E-03 2.682E-03 2.615E-03 2.540E-03 2.459E-03 2.371E-03 2.277E-03 2.177E-03 2.073E-03 
3.164E-03 3.053E-03 3.061E-03 3.067E-03 3.072E-03 3.074E-03 3.075E-03 3.073E-03 3.070E-03 3.602E-03 3.057E-03 3.049E-03 3.727E-03 3.027E-03 3.799E-03 3.001E-03 2.988E-03 2.973E-03 3.912E-03 2.945E-03 2.931E-03 2.917E-03 2.903E-03 2.890E-03 2.877E-03 2.864E-03 2.852E-03 2.840E-03 2.827E-03 2.815E-03 3.934E-03 2.788E-03 2.773E-03 2.757E-03 2.739E-03 3.741E-03 2.697E-03 3.614E-03 2.642E-03 2.609E-03 2.572E-03 2.529E-03 3.138E-03 2.427E-03 2.882E-03 2.300E-03 2.227E-03 2.147E-03 2.062E-03 1.972E-03 
2.754E-03 2.762E-03 2.770E-03 2.775E-03 2.779E-03 2.781E-03 2.782E-03 2.780E-03 2.777E-03 2.772E-03 3.303E-03 2.758E-03 2.748E-03 3.412E-03 3.444E-03 3.474E-03 3.502E-03 2.689E-03 3.551E-03 2.663E-03 2.650E-03 2.638E-03 2.626E-03 2.614E-03 2.603E-03 2.592E-03 2.581E-03 2.570E-03 2.560E-03 2.550E-03 2.539E-03 2.528E-03 3.550E-03 2.504E-03 2.490E-03 2.474E-03 2.457E-03 2.437E-03 2.415E-03 2.389E-03 2.360E-03 2.326E-03 2.288E-03 2.845E-03 2.197E-03 2.142E-03 2.082E-03 2.353E-03 1.944E-03 1.867E-03 
2.492E-03 2.500E-03 2.675E-03 2.511E-03 2.515E-03 2.516E-03 2.517E-03 2.515E-03 2.512E-03 2.508E-03 2.502E-03 2.494E-03 3.061E-03 2.476E-03 2.466E-03 2.455E-03 2.443E-03 2.432E-03 2.420E-03 2.408E-03 2.397E-03 2.385E-03 2.374E-03 2.364E-03 2.354E-03 2.344E-03 2.335E-03 3.305E-03 3.301E-03 2.309E-03 2.300E-03 2.291E-03 3.247E-03 2.272E-03 3.196E-03 2.249E-03 2.236E-03 2.220E-03 2.203E-03 2.183E-03 2.160E-03 2.134E-03 2.104E-03 2.070E-03 2.032E-03 1.988E-03 1.939E-03 1.885E-03 1.825E-03 1.760E-03 
2.255E-03 2.262E-03 2.267E-03 2.272E-03 2.275E-03 2.277E-03 2.277E-03 2.608E-03 2.273E-03 2.269E-03 2.263E-03 2.743E-03 2.774E-03 2.240E-03 2.230E-03 2.856E-03 2.210E-03 2.199E-03 2.922E-03 2.177E-03 2.167E-03 2.157E-03 2.147E-03 2.138E-03 2.129E-03 2.120E-03 2.112E-03 3.008E-03 3.006E-03 2.090E-03 2.082E-03 2.075E-03 2.967E-03 2.949E-03 2.927E-03 2.042E-03 2.871E-03 2.020E-03 2.007E-03 1.992E-03 1.974E-03 2.639E-03 1.930E-03 1.904E-03 1.873E-03 1.838E-03 1.799E-03 2.145E-03 1.706E-03 1.652E-03 
