1.233E-01 1.226E-01 1.211E-01 1.196E-01 1.177E-01 1.154E-01 1.134E-01 1.097E-01 1.063E-01 1.033E-01 9.858E-02 9.430E-02 8.980E-02 8.599E-02 8.125E-02 7.560E-02 7.165E-02 6.609E-02 6.226E-02 5.775E-02 5.340E-02 4.925E-02 4.468E-02 4.160E-02 3.757E-02 3.437E-02 3.139E-02 2.863E-02 2.608E-02 2.374E-02 2.159E-02 1.962E-02 1.782E-02 1.640E-02 1.468E-02 1.331E-02 1.207E-02 1.094E-02 1.004E-02 8.978E-03 8.132E-03 7.365E-03 6.669E-03 6.038E-03 5.467E-03 4.949E-03 4.479E-03 4.055E-03 3.670E-03 3.321E-03 
1.226E-01 1.218E-01 1.199E-01 1.183E-01 1.164E-01 1.141E-01 1.114E-01 1.091E-01 1.049E-01 1.012E-01 9.723E-02 9.301E-02 8.859E-02 8.402E-02 8.024E-02 7.552E-02 7.079E-02 6.530E-02 6.153E-02 5.635E-02 5.212E-02 4.871E-02 4.482E-02 4.116E-02 3.772E-02 3.407E-02 3.113E-02 2.875E-02 2.589E-02 2.357E-02 2.144E-02 1.949E-02 1.771E-02 1.608E-02 1.459E-02 1.323E-02 1.200E-02 1.097E-02 9.860E-03 8.934E-03 8.154E-03 7.383E-03 6.638E-03 6.011E-03 5.477E-03 4.957E-03 4.461E-03 4.038E-03 3.655E-03 3.308E-03 
1.216E-01 1.198E-01 1.185E-01 1.168E-01 1.148E-01 1.124E-01 1.097E-01 1.067E-01 1.033E-01 9.965E-02 9.573E-02 9.159E-02 8.726E-02 8.376E-02 7.822E-02 7.453E-02 6.902E-02 6.529E-02 6.002E-02 5.570E-02 5.154E-02 4.757E-02 4.380E-02 4.024E-02 3.690E-02 3.378E-02 3.087E-02 2.818E-02 2.570E-02 2.341E-02 2.130E-02 1.937E-02 1.760E-02 1.598E-02 1.451E-02 1.317E-02 1.194E-02 1.083E-02 9.814E-03 8.894E-03 8.058E-03 7.300E-03 6.619E-03 5.988E-03 5.422E-03 4.909E-03 4.445E-03 4.021E-03 3.642E-03 3.297E-03 
1.193E-01 1.181E-01 1.167E-01 1.149E-01 1.129E-01 1.105E-01 1.078E-01 1.048E-01 1.026E-01 9.900E-02 9.408E-02 9.004E-02 8.582E-02 8.146E-02 7.701E-02 7.252E-02 6.804E-02 6.360E-02 5.925E-02 5.502E-02 5.094E-02 4.705E-02 4.334E-02 3.984E-02 3.656E-02 3.378E-02 3.062E-02 2.796E-02 2.567E-02 2.324E-02 2.125E-02 1.925E-02 1.750E-02 1.590E-02 1.445E-02 1.310E-02 1.188E-02 1.076E-02 9.773E-03 8.831E-03 8.027E-03 7.273E-03 6.589E-03 5.935E-03 5.372E-03 4.894E-03 4.431E-03 4.012E-03 3.632E-03 3.288E-03 
1.173E-01 1.161E-01 1.145E-01 1.128E-01 1.107E-01 1.083E-01 1.068E-01 1.027E-01 1.007E-01 9.597E-02 9.226E-02 8.834E-02 8.425E-02 8.003E-02 7.571E-02 7.135E-02 6.699E-02 6.352E-02 5.919E-02 5.430E-02 5.091E-02 4.651E-02 4.331E-02 3.944E-02 3.621E-02 3.319E-02 3.037E-02 2.787E-02 2.541E-02 2.309E-02 2.104E-02 1.913E-02 1.737E-02 1.581E-02 1.436E-02 1.304E-02 1.176E-02 1.074E-02 9.736E-03 8.827E-03 8.000E-03 7.250E-03 6.569E-03 5.951E-03 5.322E-03 4.817E-03 4.359E-03 3.945E-03 3.624E-03 3.281E-03 
1.149E-01 1.148E-01 1.132E-01 1.102E-01 1.094E-01 1.071E-01 1.032E-01 1.017E-01 9.861E-02 9.386E-02 9.027E-02 8.649E-02 8.385E-02 7.848E-02 7.548E-02 7.010E-02 6.587E-02 6.168E-02 5.834E-02 5.355E-02 5.024E-02 4.642E-02 4.239E-02 3.933E-02 3.585E-02 3.288E-02 3.011E-02 2.758E-02 2.514E-02 2.293E-02 2.084E-02 1.902E-02 1.731E-02 1.573E-02 1.430E-02 1.298E-02 1.165E-02 1.070E-02 9.702E-03 8.798E-03 7.976E-03 7.230E-03 6.551E-03 5.936E-03 5.272E-03 4.871E-03 4.319E-03 3.995E-03 3.618E-03 3.275E-03 
1.121E-01 1.121E-01 1.092E-01 1.074E-01 1.054E-01 1.031E-01 1.005E-01 9.777E-02 9.477E-02 9.154E-02 8.811E-02 8.449E-02 8.214E-02 7.816E-02 7.280E-02 6.875E-02 6.468E-02 6.063E-02 5.664E-02 5.344E-02 4.897E-02 4.534E-02 4.187E-02 3.885E-02 3.548E-02 3.256E-02 2.984E-02 2.729E-02 2.495E-02 2.277E-02 2.076E-02 1.891E-02 1.721E-02 1.566E-02 1.423E-02 1.293E-02 1.174E-02 1.046E-02 9.670E-03 8.587E-03 7.954E-03 7.211E-03 6.536E-03 5.923E-03 5.367E-03 4.862E-03 4.404E-03 3.989E-03 3.612E-03 3.271E-03 
1.090E-01 1.076E-01 1.061E-01 1.043E-01 1.023E-01 1.001E-01 9.763E-02 9.668E-02 9.211E-02 8.903E-02 8.576E-02 8.232E-02 7.872E-02 7.499E-02 7.255E-02 6.729E-02 6.339E-02 5.950E-02 5.565E-02 5.189E-02 4.823E-02 4.517E-02 4.133E-02 3.812E-02 3.523E-02 3.223E-02 2.954E-02 2.699E-02 2.475E-02 2.260E-02 2.062E-02 1.879E-02 1.688E-02 1.532E-02 1.417E-02 1.287E-02 1.170E-02 1.037E-02 9.640E-03 8.509E-03 7.934E-03 7.195E-03 6.523E-03 5.912E-03 5.358E-03 4.855E-03 4.398E-03 3.984E-03 3.609E-03 3.268E-03 
1.069E-01 1.041E-01 1.041E-01 1.008E-01 9.891E-02 9.856E-02 9.447E-02 9.381E-02 8.923E-02 8.632E-02 8.323E-02 8.178E-02 7.830E-02 7.467E-02 6.942E-02 6.711E-02 6.200E-02 5.828E-02 5.459E-02 5.173E-02 4.805E-02 4.402E-02 4.075E-02 3.763E-02 3.478E-02 3.188E-02 2.926E-02 2.682E-02 2.436E-02 2.243E-02 2.048E-02 1.868E-02 1.702E-02 1.550E-02 1.410E-02 1.250E-02 1.133E-02 1.058E-02 9.610E-03 8.723E-03 7.637E-03 7.179E-03 6.510E-03 5.902E-03 5.350E-03 4.643E-03 4.393E-03 3.980E-03 3.606E-03 3.266E-03 
1.031E-01 1.003E-01 9.881E-02 9.713E-02 9.529E-02 9.327E-02 9.107E-02 9.072E-02 8.615E-02 8.342E-02 8.053E-02 7.747E-02 7.427E-02 7.095E-02 6.753E-02 6.556E-02 6.186E-02 5.696E-02 5.344E-02 4.997E-02 4.658E-02 4.329E-02 4.048E-02 3.710E-02 3.422E-02 3.150E-02 2.895E-02 2.655E-02 2.432E-02 2.225E-02 2.033E-02 1.820E-02 1.692E-02 1.541E-02 1.403E-02 1.276E-02 1.161E-02 1.055E-02 9.580E-03 8.699E-03 7.895E-03 6.854E-03 6.498E-03 5.893E-03 5.343E-03 4.843E-03 4.165E-03 3.977E-03 3.604E-03 3.086E-03 
9.906E-02 9.625E-02 9.478E-02 9.502E-02 9.337E-02 8.953E-02 8.747E-02 8.525E-02 8.287E-02 8.034E-02 7.984E-02 7.480E-02 7.182E-02 6.872E-02 6.551E-02 6.223E-02 5.891E-02 5.555E-02 5.333E-02 4.890E-02 4.566E-02 4.306E-02 3.984E-02 3.653E-02 3.374E-02 3.110E-02 2.861E-02 2.627E-02 2.408E-02 2.205E-02 1.979E-02 1.842E-02 1.681E-02 1.532E-02 1.396E-02 1.270E-02 1.156E-02 1.009E-02 9.550E-03 8.674E-03 7.501E-03 7.149E-03 6.487E-03 5.884E-03 5.336E-03 4.838E-03 4.386E-03 3.975E-03 3.602E-03 3.263E-03 
9.321E-02 9.193E-02 9.053E-02 8.901E-02 8.941E-02 8.559E-02 8.368E-02 8.162E-02 7.942E-02 7.708E-02 7.459E-02 7.429E-02 6.921E-02 6.633E-02 6.336E-02 6.030E-02 5.719E-02 5.549E-02 5.088E-02 4.775E-02 4.549E-02 4.165E-02 3.872E-02 3.619E-02 3.322E-02 3.065E-02 2.824E-02 2.596E-02 2.383E-02 2.184E-02 1.958E-02 1.783E-02 1.622E-02 1.523E-02 1.388E-02 1.215E-02 1.151E-02 1.047E-02 9.517E-03 8.208E-03 7.856E-03 6.734E-03 6.474E-03 5.875E-03 5.329E-03 4.833E-03 4.093E-03 3.972E-03 3.600E-03 3.263E-03 
9.017E-02 8.742E-02 8.793E-02 8.467E-02 8.314E-02 8.149E-02 8.208E-02 7.784E-02 7.582E-02 7.367E-02 7.139E-02 7.149E-02 6.646E-02 6.381E-02 6.107E-02 5.824E-02 5.535E-02 5.241E-02 4.946E-02 4.651E-02 4.454E-02 4.073E-02 3.794E-02 3.524E-02 3.265E-02 3.018E-02 2.773E-02 2.563E-02 2.355E-02 2.123E-02 1.980E-02 1.812E-02 1.656E-02 1.512E-02 1.379E-02 1.204E-02 1.145E-02 1.042E-02 9.482E-03 8.621E-03 7.834E-03 7.116E-03 6.461E-03 5.472E-03 5.322E-03 4.828E-03 4.378E-03 3.970E-03 3.599E-03 3.007E-03 
8.393E-02 8.277E-02 8.153E-02 8.222E-02 7.878E-02 7.727E-02 7.809E-02 7.393E-02 7.471E-02 7.013E-02 6.806E-02 6.587E-02 6.618E-02 6.368E-02 5.865E-02 5.606E-02 5.542E-02 5.068E-02 4.793E-02 4.517E-02 4.243E-02 3.973E-02 3.708E-02 3.452E-02 3.204E-02 2.973E-02 2.741E-02 2.527E-02 2.325E-02 2.136E-02 1.959E-02 1.745E-02 1.588E-02 1.445E-02 1.370E-02 1.250E-02 1.139E-02 1.037E-02 8.899E-03 8.590E-03 7.810E-03 6.618E-03 5.993E-03 5.426E-03 5.314E-03 4.446E-03 4.374E-03 3.967E-03 3.597E-03 2.982E-03 
8.063E-02 7.804E-02 7.688E-02 7.565E-02 7.435E-02 7.533E-02 7.400E-02 7.256E-02 6.826E-02 6.650E-02 6.463E-02 6.266E-02 6.058E-02 5.840E-02 5.612E-02 5.376E-02 5.133E-02 4.883E-02 4.630E-02 4.525E-02 4.119E-02 3.866E-02 3.616E-02 3.373E-02 3.137E-02 2.910E-02 2.693E-02 2.487E-02 2.292E-02 2.109E-02 1.937E-02 1.776E-02 1.571E-02 1.488E-02 1.360E-02 1.242E-02 1.132E-02 9.726E-03 9.400E-03 8.556E-03 7.783E-03 6.563E-03 6.430E-03 5.841E-03 5.304E-03 4.815E-03 3.991E-03 3.964E-03 3.595E-03 3.260E-03 
7.430E-02 7.494E-02 7.220E-02 7.312E-02 6.988E-02 6.862E-02 6.729E-02 6.588E-02 6.438E-02 6.280E-02 6.112E-02 5.936E-02 5.749E-02 5.841E-02 5.349E-02 5.136E-02 5.158E-02 4.688E-02 4.457E-02 4.393E-02 3.986E-02 3.867E-02 3.517E-02 3.288E-02 3.065E-02 2.849E-02 2.642E-02 2.444E-02 2.232E-02 2.079E-02 1.912E-02 1.756E-02 1.610E-02 1.415E-02 1.349E-02 1.232E-02 1.125E-02 1.026E-02 9.352E-03 8.517E-03 7.752E-03 7.052E-03 6.412E-03 5.827E-03 5.293E-03 4.807E-03 4.363E-03 3.960E-03 3.592E-03 3.258E-03 
6.948E-02 6.853E-02 6.754E-02 6.651E-02 6.543E-02 6.429E-02 6.567E-02 6.456E-02 6.048E-02 5.907E-02 5.758E-02 5.600E-02 5.741E-02 5.260E-02 5.077E-02 4.887E-02 4.689E-02 4.484E-02 4.274E-02 4.060E-02 3.844E-02 3.762E-02 3.410E-02 3.196E-02 2.986E-02 2.783E-02 2.586E-02 2.397E-02 2.198E-02 2.046E-02 1.885E-02 1.733E-02 1.536E-02 1.459E-02 1.336E-02 1.158E-02 1.117E-02 1.019E-02 9.298E-03 7.858E-03 7.123E-03 7.025E-03 6.391E-03 5.811E-03 5.281E-03 4.797E-03 3.928E-03 3.955E-03 3.589E-03 2.911E-03 
6.473E-02 6.386E-02 6.295E-02 6.201E-02 6.103E-02 6.000E-02 6.151E-02 6.055E-02 5.660E-02 5.534E-02 5.713E-02 5.263E-02 5.116E-02 4.962E-02 4.800E-02 4.928E-02 4.454E-02 4.272E-02 4.083E-02 3.890E-02 3.878E-02 3.651E-02 3.295E-02 3.097E-02 2.902E-02 2.710E-02 2.525E-02 2.352E-02 2.174E-02 2.010E-02 1.855E-02 1.708E-02 1.571E-02 1.442E-02 1.322E-02 1.211E-02 1.107E-02 1.012E-02 9.237E-03 8.425E-03 7.679E-03 6.402E-03 6.366E-03 5.791E-03 5.266E-03 4.786E-03 4.348E-03 3.948E-03 3.193E-03 2.889E-03 
6.142E-02 5.930E-02 5.847E-02 5.762E-02 5.673E-02 5.818E-02 5.741E-02 5.383E-02 5.277E-02 5.166E-02 5.365E-02 4.927E-02 5.124E-02 4.988E-02 4.519E-02 4.682E-02 4.513E-02 4.052E-02 3.884E-02 3.945E-02 3.741E-02 3.355E-02 3.173E-02 2.991E-02 2.810E-02 2.632E-02 2.458E-02 2.289E-02 2.126E-02 1.970E-02 1.822E-02 1.681E-02 1.499E-02 1.423E-02 1.307E-02 1.198E-02 1.097E-02 1.003E-02 9.169E-03 8.370E-03 7.635E-03 6.351E-03 6.338E-03 5.769E-03 5.249E-03 4.772E-03 4.338E-03 3.941E-03 3.579E-03 2.868E-03 
5.688E-02 5.636E-02 5.414E-02 5.336E-02 5.256E-02 5.173E-02 5.087E-02 4.997E-02 5.193E-02 4.805E-02 4.703E-02 4.595E-02 4.813E-02 4.363E-02 4.569E-02 4.107E-02 3.971E-02 4.126E-02 3.680E-02 3.781E-02 3.369E-02 3.208E-02 3.044E-02 3.018E-02 2.823E-02 2.631E-02 2.443E-02 2.228E-02 2.075E-02 1.927E-02 1.785E-02 1.651E-02 1.523E-02 1.403E-02 1.290E-02 1.184E-02 1.086E-02 9.286E-03 9.092E-03 8.308E-03 7.585E-03 6.918E-03 5.710E-03 5.744E-03 5.228E-03 4.757E-03 4.325E-03 3.478E-03 3.148E-03 3.244E-03 
5.134E-02 5.206E-02 4.998E-02 4.927E-02 4.855E-02 4.781E-02 4.704E-02 4.624E-02 4.827E-02 4.455E-02 4.680E-02 4.270E-02 4.505E-02 4.068E-02 3.959E-02 3.845E-02 4.051E-02 3.602E-02 3.766E-02 3.337E-02 3.198E-02 3.055E-02 2.908E-02 2.920E-02 2.609E-02 2.560E-02 2.309E-02 2.163E-02 2.019E-02 1.880E-02 1.746E-02 1.618E-02 1.495E-02 1.380E-02 1.271E-02 1.168E-02 1.011E-02 9.835E-03 9.007E-03 8.238E-03 7.528E-03 6.250E-03 6.269E-03 5.135E-03 4.652E-03 4.738E-03 4.311E-03 3.920E-03 3.126E-03 3.237E-03 
4.725E-02 4.664E-02 4.601E-02 4.538E-02 4.473E-02 4.406E-02 4.338E-02 4.267E-02 4.474E-02 4.117E-02 4.038E-02 3.956E-02 3.869E-02 3.779E-02 4.026E-02 3.926E-02 3.483E-02 3.698E-02 3.262E-02 3.434E-02 3.023E-02 2.897E-02 2.767E-02 2.634E-02 2.499E-02 2.363E-02 2.227E-02 2.092E-02 2.001E-02 1.829E-02 1.703E-02 1.581E-02 1.465E-02 1.316E-02 1.250E-02 1.151E-02 1.059E-02 9.105E-03 8.911E-03 8.160E-03 7.464E-03 6.821E-03 6.227E-03 5.098E-03 4.619E-03 4.717E-03 4.294E-03 3.907E-03 3.553E-03 3.229E-03 
4.339E-02 4.409E-02 4.374E-02 4.338E-02 4.110E-02 4.051E-02 4.223E-02 3.927E-02 4.135E-02 3.795E-02 3.725E-02 3.653E-02 3.578E-02 3.500E-02 3.760E-02 3.333E-02 3.582E-02 3.150E-02 3.053E-02 2.951E-02 2.845E-02 2.735E-02 2.621E-02 2.504E-02 2.384E-02 2.262E-02 2.139E-02 2.016E-02 1.894E-02 1.774E-02 1.656E-02 1.542E-02 1.414E-02 1.297E-02 1.187E-02 1.132E-02 9.890E-03 9.011E-03 8.201E-03 8.073E-03 7.393E-03 6.150E-03 6.180E-03 5.643E-03 5.148E-03 4.156E-03 4.274E-03 3.891E-03 3.540E-03 3.220E-03 
3.976E-02 4.044E-02 3.874E-02 3.822E-02 3.769E-02 3.716E-02 3.661E-02 3.850E-02 3.548E-02 3.488E-02 3.726E-02 3.677E-02 3.299E-02 3.231E-02 3.160E-02 3.428E-02 3.010E-02 2.929E-02 3.172E-02 2.758E-02 2.667E-02 2.571E-02 2.472E-02 2.370E-02 2.264E-02 2.156E-02 2.046E-02 1.936E-02 1.824E-02 1.767E-02 1.636E-02 1.499E-02 1.396E-02 1.276E-02 1.202E-02 1.111E-02 1.025E-02 9.445E-03 8.685E-03 7.975E-03 7.313E-03 6.698E-03 6.127E-03 5.599E-03 5.113E-03 4.664E-03 4.252E-03 3.873E-03 3.526E-03 3.208E-03 
3.637E-02 3.590E-02 3.544E-02 3.497E-02 3.624E-02 3.596E-02 3.353E-02 3.303E-02 3.252E-02 3.200E-02 3.435E-02 3.091E-02 3.034E-02 2.975E-02 2.913E-02 2.850E-02 2.784E-02 2.715E-02 2.643E-02 2.568E-02 2.490E-02 2.408E-02 2.322E-02 2.234E-02 2.142E-02 2.047E-02 1.950E-02 1.851E-02 1.751E-02 1.721E-02 1.551E-02 1.453E-02 1.357E-02 1.264E-02 1.174E-02 1.088E-02 9.651E-03 9.286E-03 8.034E-03 7.867E-03 6.656E-03 6.625E-03 6.067E-03 5.551E-03 5.073E-03 4.101E-03 3.717E-03 3.367E-03 3.050E-03 3.195E-03 
3.321E-02 3.279E-02 3.237E-02 3.194E-02 3.151E-02 3.294E-02 3.065E-02 3.020E-02 2.975E-02 2.929E-02 2.882E-02 2.833E-02 3.090E-02 2.732E-02 2.679E-02 2.956E-02 2.902E-02 2.842E-02 2.447E-02 2.382E-02 2.315E-02 2.245E-02 2.172E-02 2.096E-02 2.017E-02 1.934E-02 1.849E-02 1.906E-02 1.789E-02 1.583E-02 1.493E-02 1.403E-02 1.315E-02 1.228E-02 1.144E-02 1.040E-02 9.521E-03 9.111E-03 8.409E-03 7.242E-03 6.594E-03 6.543E-03 5.451E-03 4.950E-03 5.029E-03 4.596E-03 4.197E-03 3.829E-03 3.491E-03 3.180E-03 
3.029E-02 2.990E-02 3.069E-02 2.914E-02 2.875E-02 2.836E-02 2.992E-02 2.972E-02 2.717E-02 2.676E-02 2.634E-02 2.874E-02 2.844E-02 2.503E-02 2.457E-02 2.410E-02 2.361E-02 2.310E-02 2.585E-02 2.203E-02 2.146E-02 2.086E-02 2.024E-02 2.223E-02 1.891E-02 1.820E-02 1.747E-02 1.670E-02 1.592E-02 1.512E-02 1.431E-02 1.350E-02 1.269E-02 1.190E-02 1.111E-02 1.035E-02 9.622E-03 8.919E-03 8.249E-03 7.164E-03 7.016E-03 6.453E-03 5.926E-03 4.912E-03 4.460E-03 4.555E-03 4.164E-03 3.802E-03 3.469E-03 2.731E-03 
2.759E-02 2.724E-02 2.689E-02 2.782E-02 2.766E-02 2.584E-02 2.549E-02 2.514E-02 2.699E-02 2.441E-02 2.404E-02 2.367E-02 2.612E-02 2.289E-02 2.555E-02 2.208E-02 2.166E-02 2.123E-02 2.078E-02 2.031E-02 1.982E-02 1.932E-02 1.879E-02 1.824E-02 1.766E-02 1.706E-02 1.642E-02 1.577E-02 1.660E-02 1.438E-02 1.367E-02 1.294E-02 1.221E-02 1.148E-02 1.076E-02 1.006E-02 9.372E-03 8.468E-03 8.074E-03 7.469E-03 6.895E-03 5.887E-03 5.844E-03 5.368E-03 4.427E-03 4.510E-03 4.126E-03 3.772E-03 3.444E-03 2.717E-03 
2.510E-02 2.478E-02 2.549E-02 2.415E-02 2.384E-02 2.508E-02 2.495E-02 2.289E-02 2.257E-02 2.224E-02 2.191E-02 2.158E-02 2.124E-02 2.090E-02 2.055E-02 2.019E-02 2.292E-02 1.946E-02 1.907E-02 1.867E-02 2.134E-02 1.783E-02 1.739E-02 1.967E-02 1.643E-02 1.831E-02 1.755E-02 1.482E-02 1.591E-02 1.362E-02 1.299E-02 1.235E-02 1.170E-02 1.104E-02 1.039E-02 9.852E-03 9.100E-03 8.481E-03 7.883E-03 7.309E-03 6.762E-03 5.828E-03 5.753E-03 4.832E-03 4.861E-03 4.459E-03 4.085E-03 3.288E-03 3.416E-03 3.120E-03 
2.345E-02 2.253E-02 2.224E-02 2.196E-02 2.296E-02 2.139E-02 2.274E-02 2.082E-02 2.053E-02 2.238E-02 1.995E-02 2.209E-02 1.935E-02 2.175E-02 1.875E-02 2.133E-02 1.812E-02 1.780E-02 1.747E-02 2.017E-02 1.678E-02 1.641E-02 1.604E-02 1.564E-02 1.523E-02 1.480E-02 1.434E-02 1.386E-02 1.517E-02 1.284E-02 1.230E-02 1.281E-02 1.116E-02 1.057E-02 1.041E-02 9.392E-03 8.808E-03 8.234E-03 7.675E-03 7.135E-03 6.617E-03 6.122E-03 5.258E-03 5.209E-03 4.358E-03 4.402E-03 3.599E-03 3.699E-03 2.964E-03 3.095E-03 
2.131E-02 2.047E-02 2.021E-02 1.995E-02 2.089E-02 1.943E-02 1.917E-02 1.892E-02 2.051E-02 2.041E-02 1.814E-02 1.788E-02 1.761E-02 1.734E-02 1.708E-02 1.680E-02 1.937E-02 1.625E-02 1.596E-02 1.567E-02 1.831E-02 1.507E-02 1.475E-02 1.442E-02 1.407E-02 1.619E-02 1.332E-02 1.292E-02 1.250E-02 1.375E-02 1.305E-02 1.233E-02 1.060E-02 1.008E-02 9.557E-03 9.408E-03 8.494E-03 8.040E-03 7.450E-03 6.796E-03 6.458E-03 5.697E-03 5.542E-03 5.118E-03 4.717E-03 3.932E-03 3.987E-03 3.657E-03 2.947E-03 3.066E-03 
1.882E-02 1.925E-02 1.834E-02 1.811E-02 1.787E-02 1.764E-02 1.884E-02 1.718E-02 1.694E-02 1.671E-02 1.851E-02 1.624E-02 1.831E-02 1.577E-02 1.553E-02 1.530E-02 1.776E-02 1.758E-02 1.737E-02 1.432E-02 1.406E-02 1.380E-02 1.353E-02 1.595E-02 1.296E-02 1.266E-02 1.234E-02 1.200E-02 1.164E-02 1.306E-02 1.087E-02 1.182E-02 1.002E-02 9.574E-03 9.821E-03 8.638E-03 8.504E-03 7.682E-03 7.208E-03 6.741E-03 6.286E-03 5.845E-03 5.422E-03 5.017E-03 4.633E-03 3.899E-03 3.547E-03 3.610E-03 3.312E-03 3.034E-03 
1.756E-02 1.686E-02 1.664E-02 1.733E-02 1.622E-02 1.601E-02 1.580E-02 1.706E-02 1.538E-02 1.693E-02 1.496E-02 1.475E-02 1.454E-02 1.433E-02 1.650E-02 1.391E-02 1.370E-02 1.349E-02 1.327E-02 1.306E-02 1.556E-02 1.262E-02 1.239E-02 1.215E-02 1.191E-02 1.165E-02 1.373E-02 1.110E-02 1.080E-02 1.049E-02 1.016E-02 9.807E-03 9.437E-03 9.050E-03 8.647E-03 8.232E-03 7.808E-03 7.687E-03 6.948E-03 6.520E-03 6.038E-03 5.543E-03 5.077E-03 4.643E-03 4.542E-03 4.195E-03 3.867E-03 3.558E-03 3.269E-03 2.999E-03 
1.548E-02 1.529E-02 1.509E-02 1.573E-02 1.470E-02 1.451E-02 1.432E-02 1.413E-02 1.395E-02 1.376E-02 1.357E-02 1.338E-02 1.319E-02 1.301E-02 1.282E-02 1.263E-02 1.245E-02 1.226E-02 1.461E-02 1.189E-02 1.170E-02 1.151E-02 1.132E-02 1.112E-02 1.091E-02 1.070E-02 1.048E-02 1.024E-02 9.993E-03 9.731E-03 9.453E-03 1.072E-02 8.846E-03 8.517E-03 8.171E-03 7.811E-03 7.439E-03 7.058E-03 6.672E-03 6.284E-03 5.930E-03 5.518E-03 5.147E-03 4.788E-03 4.442E-03 4.111E-03 3.798E-03 3.177E-03 3.222E-03 2.960E-03 
1.445E-02 1.386E-02 1.368E-02 1.350E-02 1.333E-02 1.418E-02 1.413E-02 1.281E-02 1.264E-02 1.247E-02 1.230E-02 1.213E-02 1.196E-02 1.180E-02 1.163E-02 1.147E-02 1.130E-02 1.114E-02 1.337E-02 1.325E-02 1.065E-02 1.049E-02 1.032E-02 1.015E-02 9.980E-03 1.216E-02 9.614E-03 9.419E-03 1.128E-02 8.996E-03 8.766E-03 1.014E-02 9.705E-03 7.981E-03 7.688E-03 7.379E-03 7.769E-03 7.266E-03 6.380E-03 6.033E-03 5.683E-03 5.336E-03 4.993E-03 4.522E-03 4.141E-03 4.021E-03 3.722E-03 3.438E-03 3.169E-03 2.609E-03 
1.272E-02 1.256E-02 1.299E-02 1.224E-02 1.208E-02 1.286E-02 1.176E-02 1.161E-02 1.145E-02 1.130E-02 1.269E-02 1.100E-02 1.084E-02 1.070E-02 1.055E-02 1.040E-02 1.238E-02 1.011E-02 9.968E-03 9.826E-03 9.685E-03 9.543E-03 9.401E-03 9.257E-03 9.110E-03 1.123E-02 8.804E-03 8.642E-03 8.471E-03 8.292E-03 8.101E-03 7.897E-03 7.680E-03 7.448E-03 7.201E-03 6.940E-03 6.664E-03 7.028E-03 6.075E-03 5.768E-03 5.678E-03 5.140E-03 4.827E-03 4.517E-03 4.215E-03 3.921E-03 3.639E-03 3.121E-03 3.112E-03 2.869E-03 
1.152E-02 1.182E-02 1.123E-02 1.108E-02 1.170E-02 1.080E-02 1.066E-02 1.052E-02 1.038E-02 1.024E-02 1.010E-02 9.961E-03 9.825E-03 9.691E-03 9.558E-03 9.427E-03 1.129E-02 9.170E-03 9.044E-03 8.920E-03 1.099E-02 8.674E-03 1.078E-02 8.428E-03 1.052E-02 1.036E-02 8.046E-03 7.911E-03 7.770E-03 9.527E-03 7.463E-03 8.971E-03 8.657E-03 6.924E-03 6.718E-03 6.499E-03 6.265E-03 6.019E-03 5.760E-03 5.491E-03 5.214E-03 4.933E-03 4.649E-03 4.376E-03 4.087E-03 3.691E-03 3.549E-03 3.089E-03 3.049E-03 2.817E-03 
1.044E-02 1.030E-02 1.017E-02 1.004E-02 9.908E-03 9.779E-03 9.651E-03 1.053E-02 9.396E-03 1.049E-02 9.145E-03 9.021E-03 1.042E-02 8.778E-03 8.658E-03 8.541E-03 8.425E-03 8.312E-03 8.200E-03 8.091E-03 7.982E-03 7.876E-03 7.770E-03 9.774E-03 9.660E-03 9.532E-03 9.388E-03 7.228E-03 9.049E-03 8.851E-03 6.857E-03 6.719E-03 6.572E-03 7.839E-03 6.244E-03 7.202E-03 5.866E-03 6.496E-03 5.437E-03 5.205E-03 5.375E-03 4.714E-03 4.461E-03 4.205E-03 3.950E-03 3.698E-03 3.451E-03 3.212E-03 2.981E-03 2.760E-03 
9.453E-03 9.330E-03 9.209E-03 9.640E-03 8.972E-03 8.854E-03 8.738E-03 8.622E-03 8.507E-03 8.393E-03 8.280E-03 8.168E-03 8.057E-03 7.948E-03 7.840E-03 7.735E-03 9.353E-03 7.530E-03 7.431E-03 9.224E-03 9.168E-03 7.145E-03 7.053E-03 8.951E-03 6.871E-03 6.779E-03 6.687E-03 8.507E-03 8.361E-03 6.393E-03 6.286E-03 7.818E-03 6.051E-03 5.921E-03 5.782E-03 5.631E-03 5.469E-03 5.295E-03 5.109E-03 4.911E-03 5.202E-03 4.486E-03 4.263E-03 4.034E-03 3.804E-03 3.574E-03 3.346E-03 3.123E-03 2.759E-03 2.698E-03 
8.559E-03 8.448E-03 8.759E-03 8.734E-03 8.122E-03 8.016E-03 8.677E-03 7.805E-03 7.701E-03 7.597E-03 7.495E-03 8.606E-03 7.293E-03 8.574E-03 7.097E-03 7.002E-03 6.910E-03 6.819E-03 8.444E-03 6.644E-03 6.560E-03 8.310E-03 6.397E-03 6.318E-03 8.112E-03 6.162E-03 6.083E-03 6.003E-03 7.708E-03 5.837E-03 7.427E-03 7.263E-03 5.557E-03 5.451E-03 5.337E-03 5.213E-03 5.080E-03 5.902E-03 4.781E-03 4.614E-03 4.437E-03 4.705E-03 4.397E-03 3.854E-03 3.794E-03 3.441E-03 3.233E-03 2.970E-03 2.826E-03 2.631E-03 
7.987E-03 7.648E-03 7.933E-03 7.450E-03 7.893E-03 7.256E-03 7.160E-03 7.064E-03 6.970E-03 6.876E-03 7.819E-03 7.809E-03 6.600E-03 6.511E-03 6.423E-03 7.752E-03 6.254E-03 6.173E-03 7.683E-03 6.017E-03 5.942E-03 5.870E-03 7.531E-03 5.730E-03 7.419E-03 5.595E-03 5.528E-03 5.461E-03 7.092E-03 5.322E-03 6.863E-03 5.172E-03 5.091E-03 6.414E-03 4.912E-03 4.811E-03 4.702E-03 4.584E-03 4.455E-03 4.317E-03 4.168E-03 4.010E-03 3.842E-03 3.977E-03 3.485E-03 3.300E-03 3.113E-03 2.925E-03 2.740E-03 2.558E-03 
7.014E-03 6.923E-03 6.832E-03 7.166E-03 6.655E-03 6.567E-03 6.480E-03 6.393E-03 7.107E-03 6.222E-03 6.138E-03 6.054E-03 5.972E-03 5.892E-03 7.053E-03 5.735E-03 5.660E-03 5.587E-03 6.987E-03 5.447E-03 5.380E-03 6.904E-03 5.254E-03 5.193E-03 5.134E-03 5.076E-03 6.661E-03 4.961E-03 4.904E-03 4.845E-03 4.784E-03 6.216E-03 4.655E-03 4.584E-03 4.509E-03 5.643E-03 4.338E-03 4.242E-03 4.137E-03 4.022E-03 3.899E-03 3.766E-03 3.623E-03 3.850E-03 3.315E-03 3.152E-03 2.985E-03 2.816E-03 2.641E-03 2.479E-03 
6.547E-03 6.266E-03 6.184E-03 6.103E-03 6.023E-03 6.464E-03 5.864E-03 5.785E-03 5.707E-03 5.630E-03 5.554E-03 5.478E-03 5.404E-03 6.409E-03 5.259E-03 5.189E-03 6.380E-03 5.055E-03 4.991E-03 4.929E-03 4.870E-03 4.812E-03 6.256E-03 4.704E-03 6.184E-03 4.602E-03 4.552E-03 6.034E-03 4.455E-03 4.405E-03 4.355E-03 4.303E-03 4.248E-03 4.191E-03 5.396E-03 5.259E-03 5.110E-03 3.913E-03 3.827E-03 3.734E-03 3.632E-03 4.162E-03 3.402E-03 3.713E-03 3.139E-03 2.998E-03 2.851E-03 2.806E-03 2.592E-03 2.394E-03 
5.746E-03 5.671E-03 5.597E-03 5.876E-03 5.450E-03 5.378E-03 5.847E-03 5.841E-03 5.835E-03 5.094E-03 5.025E-03 5.822E-03 4.889E-03 4.822E-03 4.757E-03 4.694E-03 4.632E-03 5.782E-03 4.515E-03 4.460E-03 4.407E-03 4.355E-03 5.696E-03 4.259E-03 4.213E-03 4.169E-03 4.126E-03 5.518E-03 4.043E-03 5.409E-03 5.344E-03 5.271E-03 3.871E-03 3.824E-03 3.774E-03 4.886E-03 3.662E-03 4.626E-03 3.530E-03 3.454E-03 3.371E-03 3.280E-03 3.181E-03 3.075E-03 2.960E-03 2.838E-03 2.943E-03 2.578E-03 2.442E-03 2.304E-03 
5.201E-03 5.132E-03 5.065E-03 4.998E-03 4.932E-03 4.866E-03 4.801E-03 4.737E-03 4.672E-03 4.609E-03 4.546E-03 4.484E-03 4.422E-03 4.362E-03 4.303E-03 4.246E-03 4.190E-03 4.136E-03 4.084E-03 4.034E-03 3.986E-03 3.941E-03 3.897E-03 5.161E-03 5.137E-03 3.776E-03 3.738E-03 5.040E-03 3.666E-03 3.631E-03 3.596E-03 4.841E-03 3.523E-03 4.700E-03 3.444E-03 3.400E-03 4.424E-03 3.302E-03 3.247E-03 4.054E-03 3.908E-03 3.044E-03 3.584E-03 3.409E-03 2.779E-03 3.040E-03 2.566E-03 2.451E-03 2.476E-03 2.209E-03 
4.707E-03 4.840E-03 4.583E-03 4.523E-03 4.463E-03 4.403E-03 4.344E-03 4.286E-03 4.227E-03 4.170E-03 4.112E-03 4.056E-03 4.000E-03 3.946E-03 4.776E-03 4.773E-03 3.790E-03 3.741E-03 3.694E-03 3.649E-03 3.606E-03 3.565E-03 3.525E-03 3.488E-03 3.452E-03 3.418E-03 3.385E-03 4.599E-03 3.323E-03 4.528E-03 3.263E-03 3.233E-03 3.202E-03 3.170E-03 3.137E-03 4.182E-03 3.064E-03 3.023E-03 2.978E-03 2.929E-03 2.875E-03 2.815E-03 2.749E-03 2.677E-03 2.597E-03 2.919E-03 2.419E-03 2.320E-03 2.217E-03 2.109E-03 
4.259E-03 4.203E-03 4.148E-03 4.360E-03 4.353E-03 3.984E-03 3.931E-03 4.339E-03 3.825E-03 3.772E-03 3.720E-03 3.669E-03 3.618E-03 3.569E-03 4.330E-03 3.473E-03 3.428E-03 4.321E-03 3.341E-03 3.300E-03 3.261E-03 4.293E-03 3.189E-03 3.155E-03 3.123E-03 3.093E-03 3.064E-03 3.037E-03 3.010E-03 2.984E-03 2.958E-03 2.933E-03 2.908E-03 3.970E-03 2.854E-03 2.826E-03 2.795E-03 2.762E-03 2.726E-03 2.687E-03 2.643E-03 3.322E-03 2.542E-03 2.483E-03 2.418E-03 2.347E-03 2.270E-03 2.187E-03 2.098E-03 2.005E-03 
3.854E-03 3.803E-03 3.753E-03 3.947E-03 3.654E-03 3.605E-03 3.556E-03 3.508E-03 3.460E-03 3.412E-03 3.365E-03 3.926E-03 3.925E-03 3.228E-03 3.184E-03 3.141E-03 3.921E-03 3.060E-03 3.021E-03 2.984E-03 2.949E-03 2.916E-03 2.884E-03 2.854E-03 3.868E-03 2.798E-03 2.773E-03 2.748E-03 2.725E-03 2.703E-03 2.681E-03 2.659E-03 2.638E-03 2.616E-03 2.594E-03 2.571E-03 2.546E-03 2.520E-03 2.491E-03 3.283E-03 2.425E-03 2.386E-03 2.343E-03 2.898E-03 2.781E-03 2.657E-03 2.526E-03 2.052E-03 2.251E-03 1.897E-03 
3.488E-03 3.442E-03 3.580E-03 3.351E-03 3.306E-03 3.262E-03 3.218E-03 3.174E-03 3.130E-03 3.087E-03 3.044E-03 3.002E-03 3.556E-03 2.920E-03 3.556E-03 3.556E-03 2.803E-03 2.767E-03 2.732E-03 2.699E-03 2.667E-03 2.637E-03 2.608E-03 3.525E-03 3.516E-03 3.505E-03 3.492E-03 2.487E-03 2.466E-03 2.447E-03 2.428E-03 3.393E-03 2.392E-03 2.374E-03 2.355E-03 2.336E-03 2.316E-03 2.295E-03 2.272E-03 3.042E-03 2.219E-03 2.188E-03 2.154E-03 2.116E-03 2.623E-03 2.027E-03 2.404E-03 1.918E-03 2.163E-03 1.788E-03 
3.258E-03 3.248E-03 3.073E-03 3.032E-03 2.991E-03 3.225E-03 2.911E-03 2.871E-03 2.832E-03 2.793E-03 2.754E-03 2.716E-03 2.678E-03 2.641E-03 3.222E-03 2.569E-03 3.222E-03 2.502E-03 2.471E-03 3.218E-03 2.411E-03 2.384E-03 2.358E-03 2.334E-03 2.311E-03 3.185E-03 2.269E-03 2.250E-03 2.232E-03 2.214E-03 2.198E-03 2.182E-03 2.167E-03 2.152E-03 2.136E-03 2.121E-03 2.105E-03 2.087E-03 2.069E-03 2.049E-03 2.754E-03 2.003E-03 1.976E-03 2.546E-03 2.463E-03 1.874E-03 2.278E-03 2.176E-03 2.068E-03 1.957E-03 
